0
0
0
0
0
1
2.15564e-08
-94.2188
0
98.4474
298.198
43.997
0.581246
0
1
2.15718e-08
-94.2249
0
98.4413
298.21
44.0873
0.735762
0
0
0
0
0
1
2.15877e-08
-94.2313
0
98.4351
298.217
44.1808
0.814438
0
0
1
2.15764e-08
-94.2268
0
98.4395
298.192
44.1127
0.50151
0
1
2.15361e-08
-94.2106
0
98.4554
298.253
43.8852
1.31204
1
2.15624e-08
-94.2212
0
98.445
298.263
44.0397
1.42584
1
2.15239e-08
-94.2056
0
98.4602
298.226
43.8104
0.964647
1
2.15329e-08
-94.2093
0
98.4567
298.206
43.8608
0.705303
1
2.15654e-08
-94.2224
0
98.4438
298.251
44.0554
1.26491
0
0
1
2.15797e-08
-94.2281
0
98.4382
298.195
44.1322
0.538749
1
2.1575e-08
-94.2262
0
98.4401
298.268
44.1139
1.4784
0
0
1
2.1571e-08
-94.2246
0
98.4416
298.195
44.0818
0.542813
0
1
2.15539e-08
-94.2177
0
98.4484
298.198
43.9824
0.592249
1
2.15529e-08
-94.2173
0
98.4488
298.244
43.9816
1.19135
1
2.15264e-08
-94.2067
0
98.4593
298.252
43.8287
1.31361
1
2.15268e-08
-94.2068
0
98.4591
298.204
43.8248
0.674601
1
2.15167e-08
-94.2027
0
98.4631
298.263
43.774
1.46503
1
2.15358e-08
-94.2105
0
98.4555
298.312
43.8959
2.09309
1
2.15139e-08
-94.2016
0
98.4642
298.354
43.7813
2.68003
1
2.14948e-08
-94.1939
0
98.4718
298.388
43.6831
3.16236
1
2.14814e-08
-94.1885
0
98.4771
298.377
43.6015
3.03658
1
2.14728e-08
-94.185
0
98.4805
298.408
43.565
3.4744
1
2.14525e-08
-94.1768
0
98.4886
298.406
43.447
3.48895
1
2.14285e-08
-94.167
0
98.4982
298.456
43.3346
4.24376
1
2.14353e-08
-94.1698
0
98.4955
298.483
43.3891
4.60577
1
2.14542e-08
-94.1775
0
98.4879
298.545
43.5357
5.3965
1
2.14661e-08
-94.1823
0
98.4832
298.445
43.5441
3.99719
1
2.14713e-08
-94.1844
0
98.4811
298.468
43.5856
4.29463
1
2.14706e-08
-94.1841
0
98.4814
298.553
43.6334
5.44439
1
2.14864e-08
-94.1905
0
98.4751
298.625
43.7758
6.35585
1
2.1502e-08
-94.1968
0
98.4689
298.517
43.7893
4.87509
1
2.14854e-08
-94.1901
0
98.4755
298.494
43.6803
4.60612
1
2.14799e-08
-94.1879
0
98.4777
298.451
43.6256
4.0417
1
2.14725e-08
-94.1849
0
98.4807
298.486
43.6024
4.54228
1
2.14727e-08
-94.1849
0
98.4806
298.397
43.5592
3.32418
1
2.14552e-08
-94.1779
0
98.4875
298.404
43.462
3.45721
1
2.14398e-08
-94.1716
0
98.4937
298.326
43.344
2.40276
1
2.14478e-08
-94.1749
0
98.4905
298.393
43.4145
3.32487
1
2.146e-08
-94.1798
0
98.4856
298.473
43.5242
4.39967
1
2.14517e-08
-94.1764
0
98.489
298.567
43.5365
5.70532
1
2.14803e-08
-94.188
0
98.4775
298.542
43.6816
5.27444
1
2.15011e-08
-94.1964
0
98.4693
298.555
43.8077
5.37197
1
2.15327e-08
-94.2092
0
98.4568
298.55
43.9842
5.21735
1
2.15345e-08
-94.2099
0
98.456
298.579
44.0137
5.58606
1
2.15585e-08
-94.2196
0
98.4466
298.585
44.1538
5.58891
1
2.15504e-08
-94.2163
0
98.4498
298.588
44.1098
5.64667
1
2.15415e-08
-94.2127
0
98.4533
298.581
44.0541
5.58409
1
2.1538e-08
-94.2113
0
98.4547
298.597
44.0458
5.80832
1
2.15699e-08
-94.2242
0
98.4421
298.572
44.2097
5.38261
1
2.16085e-08
-94.2397
0
98.4269
298.604
44.4509
5.66848
1
2.16153e-08
-94.2424
0
98.4242
298.537
44.4475
4.80349
1
2.16032e-08
-94.2376
0
98.429
298.641
44.4459
6.13845
1
2.16074e-08
-94.2393
0
98.4273
298.644
44.4722
6.16233
1
2.16257e-08
-94.2466
0
98.4201
298.696
44.6151
6.74744
1
2.16652e-08
-94.2625
0
98.4047
298.739
44.8711
7.11166
1
2.16823e-08
-94.2693
0
98.398
298.73
44.9594
6.93518
1
2.16505e-08
-94.2566
0
98.4104
298.694
44.7523
6.62076
1
2.16547e-08
-94.2583
0
98.4088
298.763
44.8327
7.44794
1
2.16872e-08
-94.2713
0
98.3961
298.753
45.0048
7.18761
1
2.16647e-08
-94.2623
0
98.4049
298.774
44.8975
7.53726
1
2.16692e-08
-94.2641
0
98.4031
298.756
44.9073
7.30048
1
2.16905e-08
-94.2726
0
98.3948
298.692
44.9771
6.46006
1
2.17001e-08
-94.2765
0
98.3911
298.735
45.0634
6.93167
1
2.17097e-08
-94.2803
0
98.3873
298.813
45.1818
7.80952
1
2.16766e-08
-94.267
0
98.4002
298.768
44.9581
7.40935
1
2.16794e-08
-94.2682
0
98.3991
298.744
44.9546
7.12064
1
2.16797e-08
-94.2683
0
98.399
298.679
44.9064
6.33946
1
2.17071e-08
-94.2793
0
98.3883
298.687
45.0673
6.34519
1
2.1681e-08
-94.2688
0
98.3985
298.692
44.9231
6.49069
1
2.16585e-08
-94.2598
0
98.4073
298.706
44.8074
6.74389
1
2.16717e-08
-94.2651
0
98.4021
298.779
44.9408
7.56181
1
2.16522e-08
-94.2573
0
98.4098
298.864
44.9114
8.66223
1
2.16792e-08
-94.2681
0
98.3992
298.813
45.0122
7.93308
1
2.16668e-08
-94.2631
0
98.404
298.848
44.9768
8.41206
1
2.16656e-08
-94.2627
0
98.4045
298.832
44.9546
8.21846
1
2.16541e-08
-94.258
0
98.409
298.849
44.9076
8.47653
1
2.16379e-08
-94.2515
0
98.4153
298.935
44.9085
9.59105
1
2.16737e-08
-94.2659
0
98.4014
298.939
45.1063
9.44878
1
2.16951e-08
-94.2745
0
98.393
298.956
45.2407
9.53742
1
2.16731e-08
-94.2656
0
98.4016
299.017
45.1902
10.3641
1
2.16798e-08
-94.2683
0
98.399
299.087
45.3112
11.1472
1
2.16798e-08
-94.2683
0
98.399
299.068
45.2875
10.9269
1
2.16762e-08
-94.2669
0
98.4004
299.157
88.3565
11.8762
1
2.1664e-08
-94.262
0
98.4051
299.144
50.817
26.0612
1
2.16275e-08
-94.2473
0
98.4194
299.117
95.541
32.216
1
2.16083e-08
-94.2396
0
98.427
299.147
68.2225
47.3441
1
2.15913e-08
-94.2328
0
98.4337
299.165
90.5659
55.7897
1
2.15901e-08
-94.2323
0
98.4341
299.246
79.4497
68.2798
1
2.15759e-08
-94.2266
0
98.4397
299.316
83.9454
79.1597
1
2.15611e-08
-94.2207
0
98.4455
299.359
81.9744
90.8102
1
2.15447e-08
-94.214
0
98.452
299.351
82.2956
102.182
1
2.15701e-08
-94.2243
0
98.442
299.292
82.3969
113.528
1
2.15666e-08
-94.2229
0
98.4434
299.201
82.6473
125.219
1
2.15352e-08
-94.2102
0
98.4558
299.228
82.6344
125.319
1
2.15257e-08
-94.2064
0
98.4595
299.272
82.6269
125.264
1
2.1525e-08
-94.2061
0
98.4598
299.319
82.622
125.158
1
2.15242e-08
-94.2058
0
98.4601
299.218
82.6319
125.4
1
2.15447e-08
-94.214
0
98.452
299.275
82.6328
125.159
1
2.15469e-08
-94.2149
0
98.4512
299.316
82.6295
125.053
1
2.15617e-08
-94.2209
0
98.4453
299.359
82.63
124.876
1
2.15708e-08
-94.2245
0
98.4417
299.252
82.6436
125.077
1
2.15639e-08
-94.2218
0
98.4445
299.209
82.6456
125.215
1
2.15813e-08
-94.2288
0
98.4376
299.125
82.6597
125.322
1
2.15915e-08
-94.2329
0
98.4336
299.093
82.6662
125.343
1
2.16306e-08
-94.2486
0
98.4182
299.122
82.6758
125.069
1
2.16445e-08
-94.2542
0
98.4128
299.072
82.6853
125.113
1
2.16644e-08
-94.2621
0
98.405
299.005
82.6985
125.168
1
2.16796e-08
-94.2683
0
98.399
298.982
82.7057
125.142
1
2.16841e-08
-94.27
0
98.3973
299.027
82.7024
125.012
1
2.17079e-08
-94.2796
0
98.388
299.042
82.7084
124.85
1
2.17145e-08
-94.2822
0
98.3855
299.018
82.7129
124.871
1
2.16998e-08
-94.2763
0
98.3912
299.04
82.706
124.898
1
2.16917e-08
-94.2731
0
98.3943
298.952
82.7125
125.148
1
2.17234e-08
-94.2858
0
98.382
298.939
82.7238
125.01
1
2.17359e-08
-94.2908
0
98.3772
298.89
82.7328
125.06
1
2.17183e-08
-94.2837
0
98.384
298.931
82.723
125.057
1
2.17214e-08
-94.285
0
98.3828
298.972
82.7198
124.944
1
2.17019e-08
-94.2772
0
98.3904
298.934
82.7176
125.136
1
2.17208e-08
-94.2848
0
98.383
298.984
82.7184
124.918
1
2.17099e-08
-94.2804
0
98.3873
298.974
82.716
124.999
1
2.17156e-08
-94.2827
0
98.385
299.02
82.713
124.86
1
2.17102e-08
-94.2805
0
98.3871
299.087
82.7044
124.731
1
2.16952e-08
-94.2745
0
98.393
299.167
83.1935
124.261
1
2.16979e-08
-94.2756
0
98.3919
299.257
83.7164
113.333
1
2.17045e-08
-94.2782
0
98.3893
299.262
87.2761
101.515
1
2.1722e-08
-94.2852
0
98.3825
299.222
86.7322
90.3813
1
2.17421e-08
-94.2933
0
98.3747
299.186
86.2264
78.6274
1
2.17444e-08
-94.2942
0
98.3738
299.151
80.9887
68.2036
1
2.17369e-08
-94.2912
0
98.3768
299.147
74.8186
58.1559
1
2.17218e-08
-94.2852
0
98.3826
299.121
66.9803
48.3728
1
2.17063e-08
-94.2789
0
98.3886
299.175
59.2524
38.2978
1
2.16904e-08
-94.2726
0
98.3948
299.218
51.8344
26.8275
1
2.16814e-08
-94.269
0
98.3983
299.142
45.3898
11.7686
1
2.16493e-08
-94.2561
0
98.4109
299.099
45.1657
11.4712
1
2.16722e-08
-94.2653
0
98.402
299.093
45.2782
11.26
1
2.16666e-08
-94.2631
0
98.4041
299.195
45.3853
12.4776
1
2.16819e-08
-94.2692
0
98.3981
299.144
45.3943
11.7825
1
2.17052e-08
-94.2785
0
98.3891
299.083
45.4402
10.9484
1
2.16923e-08
-94.2733
0
98.3941
299.172
45.4853
12.0411
1
2.16824e-08
-94.2694
0
98.398
299.133
45.3825
11.6533
1
2.16949e-08
-94.2744
0
98.3931
299.053
45.3488
10.6564
1
2.17037e-08
-94.2779
0
98.3897
299.126
45.4845
11.4408
1
2.17056e-08
-94.2787
0
98.3889
299.216
45.6137
12.4537
1
2.17112e-08
-94.2809
0
98.3867
299.229
45.6602
12.5627
1
2.17271e-08
-94.2873
0
98.3806
299.155
45.6445
11.6331
1
2.16902e-08
-94.2725
0
98.3949
299.136
45.4267
11.6391
1
2.17014e-08
-94.277
0
98.3906
299.026
45.3519
10.3138
1
2.16818e-08
-94.2691
0
98.3982
299.065
45.2937
10.8727
1
2.16988e-08
-94.2759
0
98.3916
299.107
45.435
11.2562
1
2.17176e-08
-94.2835
0
98.3843
299.035
45.4491
10.3275
1
2.17109e-08
-94.2808
0
98.3869
299.09
45.4787
10.9972
1
2.17371e-08
-94.2913
0
98.3767
299.127
45.6621
11.2584
1
2.17675e-08
-94.3034
0
98.3649
299.127
45.8216
11.0765
1
2.17609e-08
-94.3008
0
98.3674
299.222
45.9059
12.1583
1
2.17601e-08
-94.3004
0
98.3678
299.133
45.7902
11.1898
1
2.17609e-08
-94.3007
0
98.3675
299.037
45.6836
10.1202
1
2.17905e-08
-94.3126
0
98.356
299.035
45.8399
9.93503
1
2.18176e-08
-94.3234
0
98.3455
299.027
45.978
9.71447
1
2.18094e-08
-94.3201
0
98.3487
299.078
45.9885
10.3142
1
2.18169e-08
-94.3231
0
98.3458
299.143
46.1016
10.9689
2
2.08278e-08,2.18499e-08
-93.9201,-94.3362
0,0
98.7452,98.3331
59.2513,299.132
95.5469,46.2645
246.703,10.676
2
2.08285e-08,2.18462e-08
-93.9204,-94.3347
0,0
98.7449,98.3345
59.2622,299.129
95.5718,46.2407
246.68,10.6582
2
2.0859e-08,2.18454e-08
-93.9331,-94.3344
0,0
98.732,98.3348
59.215,299.222
95.1031,46.3454
247.411,11.6502
2
2.08838e-08,2.18262e-08
-93.9434,-94.3268
0,0
98.7216,98.3423
59.2374,299.269
94.8958,46.3041
247.807,12.262
2
2.0905e-08,2.18212e-08
-93.9522,-94.3248
0,0
98.7126,98.3442
59.219,299.327
94.606,46.3554
248.269,12.9085
2
2.08913e-08,2.18553e-08
-93.9465,-94.3383
0,0
98.7184,98.3311
59.1311,299.337
94.5097,46.5418
248.287,12.7916
2
2.08946e-08,2.18802e-08
-93.9479,-94.3482
0,0
98.717,98.3215
59.0453,299.386
94.2345,46.7324
248.616,13.1289
2
2.08675e-08,2.18927e-08
-93.9366,-94.3532
0,0
98.7284,98.3167
59.0484,299.321
94.5365,46.7121
248.103,12.3914
2
2.08841e-08,2.18892e-08
-93.9436,-94.3518
0,0
98.7214,98.3181
59.0329,299.367
94.314,46.7537
248.46,12.8822
2
2.0884e-08,2.19177e-08
-93.9435,-94.3631
0,0
98.7215,98.3071
58.9411,299.41
94.065,46.9545
248.738,13.1328
2
2.08505e-08,2.19375e-08
-93.9296,-94.3709
0,0
98.7356,98.2996
58.9308,299.337
94.3908,46.962
248.157,12.2819
2
2.08659e-08,2.19151e-08
-93.936,-94.3621
0,0
98.7291,98.3082
58.9785,299.35
94.3594,46.864
248.292,12.5515
2
2.08659e-08,2.19077e-08
-93.936,-94.3591
0,0
98.7291,98.311
59.0025,299.339
94.426,46.8117
248.216,12.4818
2
2.08788e-08,2.1927e-08
-93.9413,-94.3668
0,0
98.7237,98.3036
58.9195,299.408
94.0618,46.9987
248.708,13.0551
2
2.0877e-08,2.19428e-08
-93.9406,-94.3731
0,0
98.7244,98.2976
58.8713,299.426
93.9517,47.1027
248.821,13.1367
2
2.08711e-08,2.19577e-08
-93.9381,-94.379
0,0
98.7269,98.2919
58.8328,299.43
93.9114,47.1833
248.828,13.0842
2
2.08841e-08,2.19153e-08
-93.9435,-94.3622
0,0
98.7214,98.3081
58.949,299.406
94.0854,46.9374
248.716,13.1136
2
2.08838e-08,2.19444e-08
-93.9434,-94.3737
0,0
98.7216,98.297
58.8556,299.449
93.8385,47.1409
248.99,13.354
2
2.08605e-08,2.19568e-08
-93.9337,-94.3786
0,0
98.7314,98.2923
58.8525,299.397
94.0741,47.1354
248.578,12.7592
2
2.08556e-08,2.19494e-08
-93.9317,-94.3757
0,0
98.7335,98.2951
58.8843,299.37
94.2117,47.0644
248.391,12.5432
2
2.08785e-08,2.19458e-08
-93.9412,-94.3743
0,0
98.7238,98.2964
58.8593,299.435
93.9039,47.1296
248.884,13.2075
2
2.08493e-08,2.19595e-08
-93.929,-94.3797
0,0
98.7361,98.2912
58.8615,299.366
94.2154,47.1115
248.347,12.4432
2
2.08662e-08,2.1932e-08
-93.9361,-94.3688
0,0
98.7289,98.3017
58.9234,299.377
94.2055,46.984
248.467,12.7143
2
2.08554e-08,2.19669e-08
-93.9316,-94.3826
0,0
98.7335,98.2884
58.828,299.396
94.0615,47.1863
248.56,12.6933
2
2.08664e-08,2.19365e-08
-93.9362,-94.3706
0,0
98.7289,98.3
58.9087,299.384
94.1643,47.016
248.514,12.7582
2
2.08482e-08,2.19488e-08
-93.9286,-94.3754
0,0
98.7365,98.2953
58.8978,299.347
94.3245,47.0328
248.217,12.3154
2
2.08331e-08,2.19889e-08
-93.9223,-94.3913
0,0
98.743,98.2801
58.7924,299.361
94.1961,47.2554
248.264,12.2167
2
2.08353e-08,2.20198e-08
-93.9232,-94.4035
0,0
98.742,98.2684
58.6893,299.414
93.9006,47.4772
248.614,12.5471
2
2.08397e-08,2.2011e-08
-93.9251,-94.4
0,0
98.7401,98.2717
58.7107,299.414
93.9119,47.4328
248.629,12.6032
2
2.08307e-08,2.20171e-08
-93.9213,-94.4024
0,0
98.744,98.2694
58.7051,299.396
93.9883,47.4419
248.485,12.3905
2
2.08043e-08,2.20286e-08
-93.9103,-94.407
0,0
98.7552,98.2651
58.71,299.333
94.2648,47.4265
248.002,11.7165
2
2.08002e-08,2.20585e-08
-93.9086,-94.4187
0,0
98.7569,98.2538
58.6199,299.365
94.067,47.6171
248.201,11.8576
2
2.08098e-08,2.20188e-08
-93.9126,-94.4031
0,0
98.7528,98.2687
58.7327,299.335
94.2703,47.3787
248.031,11.7932
2
2.08072e-08,2.20339e-08
-93.9115,-94.409
0,0
98.7539,98.2631
58.6883,299.349
94.1784,47.4729
248.119,11.8478
2
2.07965e-08,2.20361e-08
-93.907,-94.4099
0,0
98.7585,98.2622
58.6981,299.32
94.31,47.4511
247.9,11.5552
2
2.08089e-08,2.20142e-08
-93.9122,-94.4013
0,0
98.7532,98.2705
58.7491,299.325
94.3235,47.3437
247.964,11.7242
2
2.07765e-08,2.20287e-08
-93.8987,-94.407
0,0
98.7669,98.265
58.7539,299.248
94.6561,47.3339
247.376,10.9011
2
2.07533e-08,2.20229e-08
-93.889,-94.4047
0,0
98.7768,98.2672
58.8099,299.168
95.0362,47.2213
246.788,10.1558
2
2.07648e-08,2.19997e-08
-93.8938,-94.3956
0,0
98.7719,98.276
58.8668,299.168
95.0829,47.0981
246.81,10.269
2
2.0749e-08,2.2039e-08
-93.8871,-94.411
0,0
98.7787,98.2611
58.7647,299.179
94.9528,47.3176
246.855,10.1853
2
2.07404e-08,2.20688e-08
-93.8836,-94.4228
0,0
98.7823,98.2499
58.6816,299.198
94.8069,47.4941
246.967,10.2225
2
2.07538e-08,2.20743e-08
-93.8892,-94.4249
0,0
98.7766,98.2478
58.6425,299.247
94.5748,47.572
247.321,10.6599
2
2.07304e-08,2.21073e-08
-93.8794,-94.4379
0,0
98.7866,98.2354
58.5728,299.225
94.6087,47.7235
247.13,10.2929
2
2.07424e-08,2.20911e-08
-93.8844,-94.4316
0,0
98.7815,98.2415
58.606,299.237
94.5844,47.651
247.236,10.4886
2
2.07318e-08,2.21227e-08
-93.8799,-94.444
0,0
98.786,98.2297
58.5207,299.252
94.4574,47.8312
247.314,10.4723
2
2.07358e-08,2.21498e-08
-93.8816,-94.4546
0,0
98.7843,98.2195
58.4266,299.304
94.1746,48.025
247.668,10.8223
2
2.07148e-08,2.2185e-08
-93.8728,-94.4684
0,0
98.7933,98.2064
58.3457,299.292
94.1583,48.1969
247.552,10.5452
2
2.07264e-08,2.22029e-08
-93.8777,-94.4754
0,0
98.7883,98.1997
58.2695,299.354
93.8608,48.3504
247.972,11.0072
2
2.07103e-08,2.21949e-08
-93.871,-94.4723
0,0
98.7952,98.2027
58.3206,299.293
94.1343,48.2496
247.552,10.5079
2
2.06829e-08,2.21915e-08
-93.8594,-94.471
0,0
98.8069,98.2039
58.375,299.205
94.5181,48.1498
246.928,9.73348
2
2.0687e-08,2.21895e-08
-93.8612,-94.4702
0,0
98.8052,98.2047
58.3751,299.215
94.4821,48.1476
246.997,9.82721
2
2.0692e-08,2.219e-08
-93.8633,-94.4704
0,0
98.803,98.2045
58.3656,299.231
94.4131,48.1646
247.11,9.96797
2
2.06929e-08,2.21927e-08
-93.8636,-94.4714
0,0
98.8027,98.2035
58.3552,299.237
94.3786,48.1853
247.156,10.0161
2
2.06883e-08,2.21894e-08
-93.8617,-94.4701
0,0
98.8046,98.2047
58.3733,299.219
94.4656,48.1506
247.025,9.86264
2
2.06916e-08,2.21625e-08
-93.8631,-94.4596
0,0
98.8032,98.2148
58.4553,299.189
94.651,47.9817
246.83,9.71084
2
2.06877e-08,2.21668e-08
-93.8615,-94.4613
0,0
98.8049,98.2132
58.4475,299.183
94.6658,47.9995
246.787,9.64143
2
2.07062e-08,2.21473e-08
-93.8692,-94.4537
0,0
98.797,98.2204
58.4813,299.211
94.5885,47.9215
246.997,9.97749
2
2.07024e-08,2.21447e-08
-93.8676,-94.4526
0,0
98.7986,98.2214
58.4959,299.195
94.6613,47.8933
246.888,9.8478
2
2.06891e-08,2.2181e-08
-93.8621,-94.4669
0,0
98.8043,98.2079
58.3992,299.209
94.5261,48.0974
246.959,9.80947
2
2.06938e-08,2.22028e-08
-93.864,-94.4754
0,0
98.8023,98.1998
58.3213,299.255
94.2831,48.2542
247.273,10.1278
2
2.0715e-08,2.21971e-08
-93.8729,-94.4732
0,0
98.7932,98.2019
58.3061,299.311
94.0551,48.278
247.674,10.654
2
2.0719e-08,2.2184e-08
-93.8746,-94.468
0,0
98.7915,98.2067
58.3422,299.304
94.1108,48.2029
247.635,10.6529
2
2.07122e-08,2.22031e-08
-93.8717,-94.4755
0,0
98.7944,98.1996
58.2913,299.311
94.0432,48.3091
247.67,10.6264
2
2.0727e-08,2.2169e-08
-93.8779,-94.4621
0,0
98.7881,98.2124
58.3784,299.306
94.1316,48.1264
247.661,10.7422
2
2.07185e-08,2.2193e-08
-93.8744,-94.4715
0,0
98.7917,98.2034
58.3142,299.315
94.0449,48.2605
247.708,10.7118
2
2.07358e-08,2.21633e-08
-93.8816,-94.4599
0,0
98.7843,98.2145
58.3829,299.324
94.0627,48.1153
247.797,10.9358
2
2.06964e-08,2.21799e-08
-93.8651,-94.4664
0,0
98.8012,98.2083
58.3911,299.229
94.4403,48.1105
247.106,9.99931
2
2.07104e-08,2.2161e-08
-93.871,-94.459
0,0
98.7952,98.2153
58.4304,299.244
94.4165,48.0244
247.224,10.2173
2
2.07153e-08,2.21606e-08
-93.873,-94.4588
0,0
98.7931,98.2155
58.424,299.258
94.3555,48.0359
247.326,10.3486
2
2.07374e-08,2.21389e-08
-93.8823,-94.4503
0,0
98.7836,98.2236
58.4591,299.293
94.2442,47.9573
247.597,10.7732
2
2.07744e-08,2.21245e-08
-93.8978,-94.4447
0,0
98.7678,98.229
58.4473,299.384
93.8688,47.9784
248.265,11.6798
2
2.08101e-08,2.21123e-08
-93.9127,-94.4399
0,0
98.7527,98.2336
58.4309,299.474
93.4872,48.0182
248.927,12.5729
2
2.08198e-08,2.20802e-08
-93.9168,-94.4273
0,0
98.7486,98.2456
58.5191,299.456
49.4213,88.4363
244.03,12.3818
2
2.08164e-08,2.20876e-08
-93.9153,-94.4302
0,0
98.75,98.2428
58.5007,299.457
86.8296,53.0465
258.277,25.8291
2
2.08406e-08,2.20596e-08
-93.9254,-94.4192
0,0
98.7398,98.2534
58.5528,299.489
56.4042,94.8922
273.344,32.6452
2
2.08432e-08,2.2068e-08
-93.9265,-94.4225
0,0
98.7387,98.2502
58.5219,299.509
77.0336,69.1624
280.907,46.6813
2
2.08264e-08,2.2055e-08
-93.9195,-94.4173
0,0
98.7458,98.2551
58.5899,299.439
71.1127,90.0071
296.049,54.7645
2
2.07955e-08,2.20598e-08
-93.9066,-94.4193
0,0
98.7589,98.2533
58.623,299.352
77.1491,79.5649
305.124,66.3211
2
2.08272e-08,2.20519e-08
-93.9199,-94.4161
0,0
98.7454,98.2563
58.5986,299.437
78.5421,83.9211
317.829,77.0543
2
2.08364e-08,2.20654e-08
-93.9237,-94.4215
0,0
98.7416,98.2512
58.5407,299.485
79.2338,82.0871
328.86,88.3468
2
2.08565e-08,2.203e-08
-93.932,-94.4075
0,0
98.7331,98.2645
58.6233,299.494
79.593,82.423
340.271,99.6388
2
2.08266e-08,2.20448e-08
-93.9196,-94.4134
0,0
98.7457,98.2589
58.6224,299.425
79.4633,82.5263
351.425,110.864
2
2.08564e-08,2.20405e-08
-93.932,-94.4117
0,0
98.7331,98.2606
58.5895,299.509
79.3373,82.7587
2.66888,121.957
2
2.08527e-08,2.20583e-08
-93.9305,-94.4187
0,0
98.7346,98.2538
58.5381,299.524
79.3347,82.7621
2.6019,121.825
2
2.08246e-08,2.20793e-08
-93.9187,-94.4269
0,0
98.7466,98.2459
58.5144,299.47
79.3165,82.7736
2.57883,121.833
2
2.08136e-08,2.20823e-08
-93.9142,-94.4281
0,0
98.7512,98.2448
58.5219,299.441
79.3095,82.7774
2.59206,121.882
2
2.08177e-08,2.20876e-08
-93.9159,-94.4302
0,0
98.7495,98.2428
58.4985,299.461
79.312,82.7768
2.55979,121.807
2
2.07902e-08,2.20824e-08
-93.9044,-94.4282
0,0
98.7611,98.2448
58.5584,299.37
79.2945,82.7848
2.64787,122.046
2
2.07913e-08,2.20933e-08
-93.9048,-94.4325
0,0
98.7607,98.2407
58.5215,299.389
79.295,82.7858
2.59825,121.94
2
2.08044e-08,2.20541e-08
-93.9103,-94.417
0,0
98.7551,98.2554
58.6274,299.371
79.3041,82.7768
2.73541,122.2
2
2.07888e-08,2.20415e-08
-93.9038,-94.412
0,0
98.7617,98.2602
58.6927,299.305
79.2945,82.7802
2.82747,122.423
2
2.08242e-08,2.20371e-08
-93.9186,-94.4103
0,0
98.7467,98.2618
58.6511,299.406
79.317,82.7684
2.7607,122.214
2
2.08422e-08,2.2027e-08
-93.9261,-94.4063
0,0
98.7391,98.2657
58.6552,299.446
79.3286,82.7614
2.76032,122.177
2
2.08748e-08,2.20224e-08
-93.9397,-94.4045
0,0
98.7253,98.2674
58.619,299.538
79.3493,82.7506
2.70226,121.991
2
2.08696e-08,2.20515e-08
-93.9375,-94.416
0,0
98.7275,98.2564
58.5337,299.565
79.3455,82.756
2.59105,121.768
2
2.08949e-08,2.20219e-08
-93.948,-94.4043
0,0
98.7169,98.2676
58.5892,299.599
79.3619,82.7443
2.65677,121.855
2
2.08842e-08,2.20365e-08
-93.9436,-94.4101
0,0
98.7214,98.262
58.5589,299.588
79.3549,82.7496
2.62003,121.8
2
2.08755e-08,2.20469e-08
-93.94,-94.4142
0,0
98.725,98.2581
58.539,299.577
79.3493,82.7536
2.59631,121.767
2
2.08904e-08,2.20213e-08
-93.9462,-94.4041
0,0
98.7188,98.2678
58.5981,299.584
79.3591,82.7456
2.66983,121.891
2
2.0896e-08,2.20448e-08
-93.9485,-94.4133
0,0
98.7164,98.2589
58.5141,299.636
79.3622,82.747
2.55743,121.645
2
2.09026e-08,2.20584e-08
-93.9512,-94.4187
0,0
98.7136,98.2538
58.4604,299.676
79.3661,82.7467
2.4847,121.479
2
2.09435e-08,2.20463e-08
-93.9682,-94.4139
0,0
98.6965,98.2584
58.4361,299.782
79.392,82.7326
2.44135,121.305
2
2.09343e-08,2.20737e-08
-93.9644,-94.4247
0,0
98.7004,98.2481
58.3631,299.793
79.3857,82.739
2.34805,121.128
2
2.09188e-08,2.20562e-08
-93.9579,-94.4179
0,0
98.7069,98.2546
58.4424,299.721
79.3763,82.7415
2.45651,121.387
2
2.09306e-08,2.20326e-08
-93.9629,-94.4085
0,0
98.7019,98.2635
58.4996,299.723
79.3841,82.7348
2.52837,121.514
2
2.09668e-08,2.20145e-08
-93.9779,-94.4014
0,0
98.6867,98.2704
58.5016,299.806
79.4071,82.7213
2.52057,121.424
2
2.09765e-08,2.19915e-08
-93.9819,-94.3923
0,0
98.6827,98.2791
58.5604,299.802
79.4134,82.7153
2.59458,121.561
2
2.09477e-08,2.20131e-08
-93.97,-94.4008
0,0
98.6947,98.2709
58.5356,299.746
79.3952,82.727
2.57057,121.568
2
2.09566e-08,2.20293e-08
-93.9736,-94.4072
0,0
98.691,98.2648
58.4705,299.797
79.4004,82.7264
2.4828,121.366
2
2.0962e-08,2.20161e-08
-93.9759,-94.402
0,0
98.6888,98.2698
58.504,299.794
79.404,82.723
2.5251,121.444
2
2.09626e-08,2.20375e-08
-93.9761,-94.4105
0,0
98.6885,98.2617
58.4349,299.827
79.404,82.7257
2.43443,121.252
2
2.10058e-08,2.20269e-08
-93.994,-94.4063
0,0
98.6705,98.2657
58.4032,299.942
79.4311,82.7113
2.38125,121.051
2
2.10388e-08,2.20107e-08
-94.0076,-94.3999
0,0
98.6568,98.2718
58.4047,300.019
81.4262,83.3623
2.64878,120.62
2
2.10473e-08,2.19813e-08
-94.0112,-94.3883
0,0
98.6533,98.283
58.4848,300.002
76.2113,83.5387
351.587,110.849
2
2.10348e-08,2.2024e-08
-94.006,-94.4052
0,0
98.6584,98.2668
58.3684,300.026
73.4557,86.9619
341.033,99.6105
2
2.09925e-08,2.20383e-08
-93.9885,-94.4108
0,0
98.676,98.2614
58.387,299.919
67.4583,86.308
328.648,89.2603
2
2.10054e-08,2.20212e-08
-93.9938,-94.404
0,0
98.6707,98.2678
58.4218,299.933
63.6135,86.0579
316.35,78.4954
2
2.10227e-08,2.20236e-08
-94.001,-94.405
0,0
98.6635,98.2669
58.388,299.989
62.1113,81.4433
302.94,68.9001
2
2.10091e-08,2.20614e-08
-93.9954,-94.4199
0,0
98.6691,98.2527
58.2888,300.002
63.7517,75.966
290.17,59.3107
2
2.10305e-08,2.20671e-08
-94.0042,-94.4221
0,0
98.6603,98.2505
58.2387,300.074
68.1256,69.0754
279.112,50.5137
2
2.10663e-08,2.20478e-08
-94.019,-94.4145
0,0
98.6454,98.2578
58.2463,300.155
74.1759,62.0895
269.77,41.5774
2
2.10713e-08,2.20476e-08
-94.0211,-94.4145
0,0
98.6433,98.2579
58.2394,300.17
81.748,55.0919
261.369,31.3008
2
2.10577e-08,2.20375e-08
-94.0154,-94.4104
0,0
98.649,98.2617
58.2917,300.114
90.651,48.5967
253.599,18.8481
2
2.10673e-08,2.20048e-08
-94.0194,-94.3976
0,0
98.645,98.2741
58.3804,300.097
90.7338,48.4264
253.558,18.97
2
2.10482e-08,2.20032e-08
-94.0115,-94.3969
0,0
98.6529,98.2747
58.4142,300.036
91.0127,48.3154
253.138,18.4466
2
2.10386e-08,2.19855e-08
-94.0075,-94.39
0,0
98.6569,98.2813
58.4846,299.982
91.2716,48.1447
252.793,18.0989
2
2.10133e-08,2.19773e-08
-93.9971,-94.3867
0,0
98.6674,98.2845
58.549,299.893
91.691,47.9601
252.179,17.3536
2
2.09985e-08,2.19777e-08
-93.991,-94.3868
0,0
98.6735,98.2843
58.5705,299.849
91.9006,47.8892
251.859,16.94
2
2.09942e-08,2.20013e-08
-93.9892,-94.3962
0,0
98.6753,98.2754
58.5019,299.87
91.7885,48.0316
251.959,16.9522
2
2.10132e-08,2.20134e-08
-93.9971,-94.401
0,0
98.6674,98.2708
58.4348,299.945
91.4343,48.2073
252.466,17.5399
2
2.10467e-08,2.20112e-08
-94.0109,-94.4001
0,0
98.6535,98.2716
58.3911,300.043
90.9791,48.3621
253.168,18.4423
2
2.10641e-08,2.19958e-08
-94.0181,-94.394
0,0
98.6463,98.2774
58.4135,300.074
90.8387,48.3487
253.423,18.8458
2
2.10721e-08,2.19802e-08
-94.0214,-94.3879
0,0
98.643,98.2834
58.4509,300.076
90.832,48.2845
253.474,18.9941
2
2.10443e-08,2.20073e-08
-94.0099,-94.3986
0,0
98.6545,98.2731
58.4069,300.031
91.0389,48.3235
253.087,18.36
2
2.10139e-08,2.20207e-08
-93.9974,-94.4038
0,0
98.6671,98.268
58.4105,299.958
91.3727,48.2609
252.54,17.5966
2
2.10268e-08,2.19892e-08
-94.0027,-94.3914
0,0
98.6618,98.28
58.4908,299.951
91.4126,48.1099
252.568,17.7929
2
2.10071e-08,2.19969e-08
-93.9945,-94.3944
0,0
98.67,98.277
58.4963,299.903
91.6379,48.0641
252.203,17.2861
2
2.10152e-08,2.19953e-08
-93.9979,-94.3938
0,0
98.6666,98.2776
58.4889,299.925
91.5337,48.0938
252.366,17.5033
2
2.10164e-08,2.20257e-08
-93.9984,-94.4058
0,0
98.6661,98.2661
58.3907,299.973
91.3023,48.3077
252.633,17.6898
2
2.09946e-08,2.20374e-08
-93.9894,-94.4104
0,0
98.6752,98.2617
58.3867,299.923
91.5247,48.2805
252.258,17.1546
2
2.10272e-08,2.20262e-08
-94.0028,-94.406
0,0
98.6616,98.266
58.3731,300.006
91.1498,48.3644
252.866,17.9822
2
2.1034e-08,2.20047e-08
-94.0056,-94.3975
0,0
98.6588,98.2741
58.431,299.995
91.2033,48.252
252.844,18.0649
2
2.10442e-08,2.19748e-08
-94.0099,-94.3857
0,0
98.6546,98.2854
58.5101,299.983
91.2661,48.1002
252.832,18.2033
2
2.10625e-08,2.19502e-08
-94.0174,-94.376
0,0
98.647,98.2948
58.5602,300.003
91.1759,48.0276
253.036,18.5927
2
2.1074e-08,2.19304e-08
-94.0221,-94.3681
0,0
98.6423,98.3023
58.6057,300.009
91.1478,47.9527
253.132,18.8212
2
2.10784e-08,2.1958e-08
-94.024,-94.3791
0,0
98.6404,98.2918
58.5118,300.063
90.893,48.1665
253.441,19.0704
2
2.1076e-08,2.1987e-08
-94.023,-94.3906
0,0
98.6414,98.2808
58.4235,300.097
90.7308,48.3519
253.61,19.1293
2
2.10976e-08,2.19893e-08
-94.0319,-94.3915
0,0
98.6325,98.2799
58.3839,300.166
90.4111,48.4851
254.087,19.7208
2
2.11315e-08,2.19866e-08
-94.0458,-94.3904
0,0
98.6186,98.2809
58.3422,300.264
89.9532,48.6562
254.785,20.613
2
2.1127e-08,2.19725e-08
-94.044,-94.3848
0,0
98.6204,98.2863
58.3933,300.231
90.1044,48.536
254.591,20.4489
2
2.11057e-08,2.19933e-08
-94.0352,-94.393
0,0
98.6292,98.2784
58.3596,300.196
90.272,48.5562
254.288,19.9518
2
2.10937e-08,2.20204e-08
-94.0303,-94.4037
0,0
98.6341,98.2682
58.2921,300.198
90.2655,48.6727
254.23,19.7319
2
2.11071e-08,2.20267e-08
-94.0358,-94.4062
0,0
98.6286,98.2658
58.2522,300.248
90.0403,48.7884
254.557,20.1056
2
2.1082e-08,2.20237e-08
-94.0254,-94.405
0,0
98.6389,98.2669
58.299,300.168
90.4063,48.6319
254.008,19.4348
2
2.11125e-08,2.2012e-08
-94.038,-94.4004
0,0
98.6264,98.2713
58.2906,300.243
90.0587,48.7194
254.565,20.1965
2
2.10912e-08,2.20279e-08
-94.0292,-94.4067
0,0
98.6351,98.2653
58.272,300.201
90.2523,48.7097
254.232,19.6924
2
2.11035e-08,2.19964e-08
-94.0343,-94.3943
0,0
98.6301,98.2772
58.3529,300.194
90.2826,48.5652
254.264,19.9046
2
2.11032e-08,2.19778e-08
-94.0342,-94.3869
0,0
98.6302,98.2843
58.4119,300.166
90.4067,48.438
254.123,19.8289
2
2.11087e-08,2.19819e-08
-94.0364,-94.3885
0,0
98.6279,98.2827
58.3908,300.189
90.3028,48.4963
254.269,19.991
2
2.1112e-08,2.19995e-08
-94.0378,-94.3955
0,0
98.6266,98.276
58.3305,300.224
90.1444,48.6331
254.465,20.1405
2
2.11188e-08,2.20206e-08
-94.0406,-94.4038
0,0
98.6237,98.2681
58.2541,300.274
89.9175,48.8122
254.758,20.3904
2
2.11159e-08,2.19938e-08
-94.0394,-94.3932
0,0
98.6249,98.2782
58.3428,300.228
90.1256,48.6164
254.508,20.2256
2
2.10874e-08,2.1994e-08
-94.0277,-94.3933
0,0
98.6367,98.2781
58.3844,300.142
90.5237,48.461
253.905,19.4656
2
2.10724e-08,2.19913e-08
-94.0215,-94.3922
0,0
98.6429,98.2792
58.4155,300.092
90.753,48.3616
253.565,19.0499
2
2.10787e-08,2.19964e-08
-94.0241,-94.3943
0,0
98.6403,98.2772
58.3897,300.119
90.6293,48.4307
253.739,19.2425
2
2.11068e-08,2.1975e-08
-94.0357,-94.3858
0,0
98.6287,98.2853
58.4154,300.173
90.3746,48.439
254.178,19.9138
2
2.11007e-08,2.19733e-08
-94.0331,-94.3851
0,0
98.6312,98.286
58.4298,300.152
90.4721,48.3936
254.036,19.7428
2
2.11085e-08,2.1984e-08
-94.0364,-94.3894
0,0
98.628,98.2819
58.3845,300.191
90.2925,48.5093
254.28,19.9924
2
2.11276e-08,2.19902e-08
-94.0442,-94.3918
0,0
98.6201,98.2796
58.3368,300.258
89.9849,48.6581
254.729,20.5228
2
2.11164e-08,2.20225e-08
-94.0396,-94.4046
0,0
98.6247,98.2673
58.2517,300.27
89.9387,48.8116
254.722,20.334
2
2.10828e-08,2.20367e-08
-94.0258,-94.4101
0,0
98.6386,98.262
58.2569,300.188
90.3119,48.7233
254.119,19.504
2
2.1087e-08,2.20485e-08
-94.0275,-94.4148
0,0
98.6369,98.2575
58.2134,300.218
90.1788,48.8249
254.292,19.657
2
2.10716e-08,2.2039e-08
-94.0212,-94.4111
0,0
98.6432,98.2611
58.266,300.158
90.4492,48.6803
253.903,19.2214
2
2.1089e-08,2.20028e-08
-94.0284,-94.3968
0,0
98.636,98.2748
58.3542,300.159
90.4433,48.5294
254.004,19.5432
2
2.10956e-08,2.20195e-08
-94.031,-94.4034
0,0
98.6333,98.2685
58.2918,300.203
90.2447,48.6774
254.264,19.7784
2
2.11226e-08,2.20094e-08
-94.0422,-94.3994
0,0
98.6222,98.2723
58.2839,300.27
89.9357,48.758
254.757,20.4516
2
2.11338e-08,2.20195e-08
-94.0468,-94.4034
0,0
98.6176,98.2685
58.2354,300.318
89.718,48.889
255.064,20.7758
2
2.1124e-08,2.2056e-08
-94.0428,-94.4178
0,0
98.6216,98.2547
58.1354,300.34
89.632,49.0753
255.11,20.6293
2
2.11137e-08,2.20529e-08
-94.0385,-94.4165
0,0
98.6259,98.2559
58.1604,300.304
89.7904,48.9978
254.876,20.357
2
2.11439e-08,2.20502e-08
-94.0509,-94.4155
0,0
98.6134,98.2569
58.1247,300.391
89.3988,49.1475
255.479,21.1172
2
2.11488e-08,2.20221e-08
-94.0529,-94.4044
0,0
98.6114,98.2675
58.2055,300.367
89.4979,48.9904
255.392,21.1683
2
2.11434e-08,2.20117e-08
-94.0507,-94.4003
0,0
98.6136,98.2714
58.2459,300.336
89.6336,48.8913
255.209,21.0013
2
2.11421e-08,2.20215e-08
-94.0502,-94.4041
0,0
98.6142,98.2677
58.2173,300.345
89.5939,48.9481
255.247,20.993
2
2.11474e-08,2.20268e-08
-94.0524,-94.4063
0,0
98.612,98.2657
58.1926,300.369
89.4887,49.014
255.395,21.145
2
2.11315e-08,2.20605e-08
-94.0458,-94.4195
0,0
98.6185,98.253
58.1103,300.369
89.5045,49.1463
255.295,20.8315
2
2.11174e-08,2.20864e-08
-94.04,-94.4297
0,0
98.6243,98.2433
58.05,300.362
89.5404,49.2381
255.181,20.5475
2
2.11014e-08,2.20805e-08
-94.0335,-94.4274
0,0
98.6309,98.2455
58.0918,300.306
89.7878,49.1136
254.814,20.1291
2
2.10862e-08,2.20841e-08
-94.0272,-94.4288
0,0
98.6372,98.2441
58.1026,300.266
89.9684,49.057
254.528,19.7559
2
2.11063e-08,2.20633e-08
-94.0354,-94.4206
0,0
98.6289,98.252
58.1387,300.297
89.8272,49.0262
254.795,20.1995
2
2.10858e-08,2.20561e-08
-94.027,-94.4178
0,0
98.6374,98.2547
58.1912,300.225
90.1473,48.8693
254.322,19.6523
2
2.11075e-08,2.20483e-08
-94.0359,-94.4147
0,0
98.6284,98.2576
58.1839,300.279
89.9025,48.9336
254.715,20.1836
2
2.10812e-08,2.20482e-08
-94.0251,-94.4147
0,0
98.6392,98.2577
58.223,300.2
90.2597,48.7921
254.17,19.5056
2
2.11184e-08,2.20369e-08
-94.0405,-94.4102
0,0
98.6239,98.2619
58.2037,300.296
89.8234,48.9178
254.863,20.4301
2
2.11243e-08,2.20027e-08
-94.0429,-94.3968
0,0
98.6215,98.2748
58.3022,300.266
89.953,48.7234
254.747,20.4757
2
2.11503e-08,2.19802e-08
-94.0536,-94.3879
0,0
98.6108,98.2834
58.3344,300.312
89.7291,48.7218
255.137,21.09
2
2.11368e-08,2.1999e-08
-94.048,-94.3953
0,0
98.6164,98.2762
58.2953,300.298
89.802,48.7695
254.984,20.7921
2
2.1138e-08,2.19863e-08
-94.0485,-94.3903
0,0
98.6159,98.2811
58.3335,300.284
89.8635,48.6915
254.921,20.785
2
2.11567e-08,2.1981e-08
-94.0562,-94.3882
0,0
98.6082,98.2831
58.3225,300.332
89.635,48.7642
255.277,21.2597
2
2.11433e-08,2.19739e-08
-94.0507,-94.3854
0,0
98.6137,98.2858
58.3646,300.282
89.866,48.639
254.946,20.8867
2
2.1139e-08,2.20114e-08
-94.0489,-94.4002
0,0
98.6155,98.2715
58.2532,300.322
89.6962,48.8644
255.115,20.8857
2
2.11588e-08,2.20051e-08
-94.057,-94.3977
0,0
98.6073,98.2739
58.2439,300.373
89.4617,48.936
255.484,21.3795
2
2.11512e-08,2.19814e-08
-94.0539,-94.3883
0,0
98.6105,98.2829
58.3296,300.316
89.7101,48.7342
255.163,21.116
2
2.11474e-08,2.19915e-08
-94.0524,-94.3923
0,0
98.612,98.2791
58.3035,300.319
89.7009,48.7798
255.154,21.047
2
2.11321e-08,2.20002e-08
-94.0461,-94.3957
0,0
98.6183,98.2758
58.2987,300.286
89.8599,48.7506
254.894,20.6733
2
2.11434e-08,2.19825e-08
-94.0507,-94.3888
0,0
98.6137,98.2825
58.3374,300.295
89.8117,48.6972
255.008,20.9149
2
2.1147e-08,2.1946e-08
-94.0522,-94.3743
0,0
98.6122,98.2964
58.4468,300.253
89.9883,48.473
254.828,20.8962
2
2.11488e-08,2.19156e-08
-94.0529,-94.3623
0,0
98.6114,98.308
58.5397,300.215
90.1553,48.2782
254.651,20.8449
2
2.11654e-08,2.19236e-08
-94.0597,-94.3655
0,0
98.6046,98.3049
58.4897,300.277
89.8643,48.4316
255.065,21.3232
2
2.11854e-08,2.19266e-08
-94.0679,-94.3666
0,0
98.5965,98.3038
58.4509,300.342
89.5588,48.5725
255.512,21.8698
2
2.11501e-08,2.19401e-08
-94.0535,-94.372
0,0
98.6109,98.2986
58.4607,300.254
89.9805,48.4516
254.854,20.9623
2
2.11818e-08,2.19391e-08
-94.0665,-94.3716
0,0
98.5979,98.299
58.4169,300.349
89.534,48.6344
255.522,21.8083
2
2.1197e-08,2.19315e-08
-94.0727,-94.3686
0,0
98.5917,98.3019
58.4182,300.384
89.3633,48.6768
255.792,22.1913
2
2.11791e-08,2.19682e-08
-94.0654,-94.3831
0,0
98.599,98.2879
58.3299,300.382
89.3984,48.8112
255.66,21.8123
2
2.11913e-08,2.19543e-08
-94.0704,-94.3776
0,0
98.594,98.2932
58.3554,300.399
89.3091,48.7928
255.824,22.0974
2
2.11502e-08,2.19627e-08
-94.0535,-94.3809
0,0
98.6109,98.29
58.3897,300.287
89.839,48.6036
255.013,21.0339
2
2.11372e-08,2.19712e-08
-94.0482,-94.3843
0,0
98.6162,98.2868
58.3823,300.26
89.9696,48.5852
254.797,20.7147
2
2.11328e-08,2.20057e-08
-94.0463,-94.3979
0,0
98.618,98.2737
58.2805,300.295
89.8173,48.7908
254.945,20.7066
2
2.11031e-08,2.2003e-08
-94.0342,-94.3968
0,0
98.6302,98.2747
58.3328,300.202
90.2458,48.6073
254.303,19.9185
2
2.11184e-08,2.19811e-08
-94.0404,-94.3882
0,0
98.6239,98.283
58.3788,300.217
90.1714,48.5453
254.469,20.2472
2
2.1119e-08,2.19521e-08
-94.0407,-94.3768
0,0
98.6237,98.294
58.4691,300.178
90.3484,48.3533
254.274,20.1616
2
2.11073e-08,2.19849e-08
-94.0359,-94.3897
0,0
98.6285,98.2816
58.3835,300.189
90.3028,48.5087
254.262,19.9656
2
2.1113e-08,2.19552e-08
-94.0382,-94.378
0,0
98.6262,98.2929
58.4684,300.164
90.4151,48.3398
254.167,20.0081
2
2.11519e-08,2.1948e-08
-94.0542,-94.3751
0,0
98.6102,98.2956
58.4333,300.271
47.5639,92.0224
253.289,17.6562
2
2.11647e-08,2.19478e-08
-94.0595,-94.375
0,0
98.6049,98.2957
58.4149,300.31
83.5234,54.0906
264.094,33.0051
2
2.11836e-08,2.1916e-08
-94.0672,-94.3625
0,0
98.5972,98.3078
58.4866,300.321
56.4461,96.8448
280.454,37.3525
2
2.11628e-08,2.19172e-08
-94.0587,-94.3629
0,0
98.6057,98.3074
58.5138,300.26
75.6844,69.8844
285.49,50.8513
2
2.11755e-08,2.19046e-08
-94.0639,-94.3579
0,0
98.6005,98.3121
58.5343,300.281
71.4891,90.5136
300.762,58.3183
2
2.11866e-08,2.18697e-08
-94.0684,-94.3441
0,0
98.596,98.3255
58.6275,300.264
76.9609,79.8075
309.311,69.5623
2
2.11844e-08,2.19023e-08
-94.0675,-94.357
0,0
98.5969,98.313
58.5284,300.304
78.7793,83.9536
320.886,79.1288
2
2.12081e-08,2.18937e-08
-94.0773,-94.3536
0,0
98.5872,98.3163
58.5202,300.364
79.4121,82.0588
331.188,89.7507
2
2.12131e-08,2.18762e-08
-94.0793,-94.3467
0,0
98.5851,98.323
58.5676,300.354
79.8009,82.3571
341.714,100.15
2
2.12208e-08,2.18507e-08
-94.0824,-94.3365
0,0
98.582,98.3328
58.6362,300.341
79.7019,82.4156
352.189,110.714
2
2.12188e-08,2.18301e-08
-94.0816,-94.3283
0,0
98.5828,98.3407
58.7037,300.305
79.5643,82.6203
2.70755,121.311
2
2.1217e-08,2.18573e-08
-94.0809,-94.3392
0,0
98.5835,98.3303
58.6211,300.339
79.5627,82.625
2.60308,121.091
2
2.11873e-08,2.18537e-08
-94.0687,-94.3377
0,0
98.5957,98.3317
58.6769,300.243
79.5449,82.633
2.68276,121.322
2
2.11961e-08,2.18777e-08
-94.0723,-94.3472
0,0
98.5921,98.3225
58.5884,300.304
79.5498,82.6341
2.56735,121.057
2
2.12353e-08,2.18634e-08
-94.0884,-94.3416
0,0
98.5761,98.3279
58.575,300.403
79.5736,82.6207
2.53929,120.917
2
2.12284e-08,2.19004e-08
-94.0856,-94.3563
0,0
98.5789,98.3138
58.4692,300.435
79.5689,82.6282
2.40687,120.648
2
2.12296e-08,2.19216e-08
-94.0861,-94.3647
0,0
98.5784,98.3057
58.4014,300.469
79.5693,82.6311
2.32036,120.461
2
2.12337e-08,2.18863e-08
-94.0877,-94.3507
0,0
98.5768,98.3192
58.5057,300.431
79.5723,82.6246
2.45183,120.733
2
2.12559e-08,2.18721e-08
-94.0968,-94.345
0,0
98.5677,98.3246
58.5174,300.478
79.5859,82.6161
2.46067,120.706
2
2.12407e-08,2.19122e-08
-94.0906,-94.361
0,0
98.5739,98.3092
58.4144,300.489
79.5761,82.6265
2.33403,120.467
2
2.12705e-08,2.18934e-08
-94.1028,-94.3535
0,0
98.5618,98.3164
58.4295,300.552
79.5943,82.6153
2.3456,120.43
2
2.1257e-08,2.18862e-08
-94.0973,-94.3506
0,0
98.5673,98.3192
58.4717,300.502
79.5863,82.618
2.40251,120.579
2
2.12447e-08,2.18896e-08
-94.0922,-94.352
0,0
98.5723,98.3179
58.479,300.469
79.5789,82.622
2.41503,120.632
2
2.12756e-08,2.18887e-08
-94.1049,-94.3516
0,0
98.5597,98.3182
58.4368,300.561
79.5974,82.6131
2.35342,120.436
2
2.13046e-08,2.18883e-08
-94.1167,-94.3514
0,0
98.548,98.3184
58.396,300.648
79.6147,82.6049
2.29458,120.249
2
2.12971e-08,2.18644e-08
-94.1136,-94.342
0,0
98.551,98.3276
58.4812,300.592
79.6106,82.6033
2.40397,120.5
2
2.12762e-08,2.18858e-08
-94.1051,-94.3505
0,0
98.5595,98.3193
58.4448,300.559
79.5978,82.6125
2.36346,120.456
2
2.12467e-08,2.18829e-08
-94.0931,-94.3493
0,0
98.5714,98.3205
58.4972,300.466
79.5802,82.6204
2.43747,120.676
2
2.12404e-08,2.18775e-08
-94.0905,-94.3472
0,0
98.574,98.3225
58.5233,300.439
79.5765,82.6214
2.47239,120.763
2
2.12496e-08,2.18884e-08
-94.0942,-94.3515
0,0
98.5703,98.3184
58.4759,300.482
79.5818,82.6204
2.40981,120.611
2
2.12649e-08,2.18786e-08
-94.1005,-94.3476
0,0
98.5641,98.3221
58.4838,300.515
79.5912,82.6146
2.4157,120.591
2
2.12495e-08,2.18658e-08
-94.0942,-94.3425
0,0
98.5703,98.327
58.5464,300.45
79.5821,82.617
2.49907,120.802
2
2.12708e-08,2.18614e-08
-94.1029,-94.3408
0,0
98.5617,98.3287
58.529,300.508
79.5949,82.6103
2.47129,120.698
2
2.12484e-08,2.18624e-08
-94.0937,-94.3412
0,0
98.5708,98.3283
58.5586,300.441
79.5815,82.6168
2.51493,120.838
2
2.12397e-08,2.18459e-08
-94.0902,-94.3346
0,0
98.5743,98.3347
58.6231,300.391
79.5766,82.6167
2.59906,121.036
2
2.12153e-08,2.18716e-08
-94.0802,-94.3448
0,0
98.5842,98.3248
58.5789,300.354
79.5615,82.6276
2.54994,120.981
2
2.12217e-08,2.18596e-08
-94.0828,-94.3401
0,0
98.5816,98.3294
58.6068,300.356
79.5655,82.624
2.5836,121.04
2
2.11984e-08,2.189e-08
-94.0733,-94.3522
0,0
98.5912,98.3177
58.5462,300.329
79.551,82.6353
2.51294,120.936
2
2.1186e-08,2.18792e-08
-94.0682,-94.3478
0,0
98.5962,98.3219
58.5986,300.276
79.5437,82.6372
2.58333,121.112
2
2.11716e-08,2.18711e-08
-94.0623,-94.3446
0,0
98.6021,98.325
58.6455,300.22
79.5351,82.6402
2.64734,121.278
2
2.11565e-08,2.18965e-08
-94.0561,-94.3547
0,0
98.6083,98.3153
58.5882,300.211
81.4797,83.2852
2.84493,120.815
2
2.11439e-08,2.18917e-08
-94.0509,-94.3528
0,0
98.6134,98.3171
58.6221,300.166
76.2407,83.5305
351.897,111.127
2
2.1175e-08,2.18755e-08
-94.0637,-94.3464
0,0
98.6007,98.3233
58.6267,300.237
73.4071,87.0127
341.733,100.351
2
2.11808e-08,2.18863e-08
-94.0661,-94.3507
0,0
98.5983,98.3192
58.5842,300.27
67.2762,86.5788
329.891,90.2579
2
2.1197e-08,2.18573e-08
-94.0727,-94.3392
0,0
98.5917,98.3303
58.6508,300.278
63.2358,86.4844
317.953,79.8493
2
2.12111e-08,2.18688e-08
-94.0785,-94.3437
0,0
98.5859,98.3259
58.5937,300.337
61.4519,82.0729
304.813,70.495
2
2.11698e-08,2.18812e-08
-94.0616,-94.3487
0,0
98.6028,98.3211
58.6164,300.23
62.952,76.4912
291.624,61.0266
2
2.12008e-08,2.18809e-08
-94.0743,-94.3485
0,0
98.5902,98.3212
58.5711,300.323
67.0856,69.6458
280.782,52.6947
2
2.12103e-08,2.18553e-08
-94.0781,-94.3383
0,0
98.5863,98.3311
58.6375,300.315
73.2748,62.3188
271.061,43.8605
2
2.11909e-08,2.18849e-08
-94.0702,-94.3501
0,0
98.5942,98.3197
58.5733,300.299
81.0179,55.0361
262.538,33.5604
2
2.1152e-08,2.18976e-08
-94.0543,-94.3552
0,0
98.6101,98.3148
58.5913,300.199
90.2245,48.1752
254.592,20.8707
2
2.11343e-08,2.19331e-08
-94.047,-94.3692
0,0
98.6174,98.3013
58.5061,300.196
90.2528,48.3119
254.464,20.5078
2
2.11378e-08,2.19464e-08
-94.0484,-94.3745
0,0
98.6159,98.2962
58.4592,300.226
90.117,48.4221
254.635,20.6501
2
2.11396e-08,2.19203e-08
-94.0491,-94.3642
0,0
98.6152,98.3062
58.5386,300.194
90.2594,48.2556
254.485,20.607
2
2.11259e-08,2.19444e-08
-94.0435,-94.3737
0,0
98.6208,98.297
58.483,300.187
90.2995,48.3404
254.367,20.3212
2
2.11515e-08,2.193e-08
-94.0541,-94.368
0,0
98.6103,98.3025
58.4902,300.244
90.0239,48.3921
254.813,20.9673
2
2.11442e-08,2.19096e-08
-94.051,-94.3599
0,0
98.6133,98.3102
58.5653,300.193
90.2617,48.2101
254.508,20.6958
2
2.11293e-08,2.19168e-08
-94.0449,-94.3628
0,0
98.6194,98.3075
58.5651,300.158
90.4319,48.1715
254.237,20.3106
2
2.11359e-08,2.19222e-08
-94.0477,-94.3649
0,0
98.6167,98.3054
58.538,300.186
90.2995,48.2475
254.421,20.5143
2
2.11022e-08,2.19241e-08
-94.0338,-94.3656
0,0
98.6306,98.3047
58.5829,300.086
90.7786,48.0661
253.702,19.586
2
2.11127e-08,2.19061e-08
-94.0381,-94.3585
0,0
98.6263,98.3116
58.6238,300.092
90.7468,48.0022
253.796,19.8045
2
2.11325e-08,2.18948e-08
-94.0462,-94.3541
0,0
98.6181,98.3159
58.6295,300.136
90.5311,48.0398
254.144,20.3142
2
2.11213e-08,2.18793e-08
-94.0416,-94.3479
0,0
98.6227,98.3218
58.6954,300.079
90.8027,47.8671
253.781,19.9336
2
2.11367e-08,2.18573e-08
-94.048,-94.3392
0,0
98.6164,98.3303
58.7415,300.094
90.7224,47.806
253.956,20.2811
2
2.11302e-08,2.18696e-08
-94.0453,-94.344
0,0
98.6191,98.3256
58.7127,300.092
90.7361,47.8521
253.905,20.1467
2
2.11286e-08,2.18408e-08
-94.0446,-94.3326
0,0
98.6197,98.3366
58.806,300.045
90.9595,47.6428
253.649,19.9754
2
2.11107e-08,2.18669e-08
-94.0373,-94.343
0,0
98.6271,98.3266
58.7508,300.029
91.0481,47.7191
253.451,19.5739
2
2.10904e-08,2.18947e-08
-94.0289,-94.354
0,0
98.6354,98.316
58.6936,300.007
91.1558,47.7967
253.217,19.1205
2
2.10965e-08,2.1889e-08
-94.0314,-94.3517
0,0
98.6329,98.3181
58.7025,300.017
91.1059,47.7911
253.306,19.2672
2
2.10843e-08,2.19248e-08
-94.0264,-94.3659
0,0
98.638,98.3045
58.6077,300.032
91.036,47.9707
253.315,19.0859
2
2.10783e-08,2.19215e-08
-94.0239,-94.3646
0,0
98.6405,98.3057
58.6271,300.01
91.1464,47.9152
253.159,18.9021
2
2.11061e-08,2.19223e-08
-94.0354,-94.365
0,0
98.629,98.3054
58.5824,300.095
90.7329,48.0765
253.774,19.6886
2
2.1113e-08,2.1919e-08
-94.0382,-94.3636
0,0
98.6262,98.3067
58.5827,300.111
90.656,48.0923
253.898,19.8647
2
2.11169e-08,2.19465e-08
-94.0398,-94.3745
0,0
98.6246,98.2962
58.4901,300.163
90.4164,48.3026
254.187,20.0813
2
2.11213e-08,2.19173e-08
-94.0416,-94.363
0,0
98.6228,98.3073
58.5756,300.134
90.546,48.1283
254.066,20.0892
2
2.1111e-08,2.19016e-08
-94.0374,-94.3567
0,0
98.627,98.3133
58.6406,300.08
90.8027,47.9614
253.724,19.7373
2
2.11301e-08,2.19062e-08
-94.0453,-94.3586
0,0
98.6191,98.3115
58.5971,300.145
90.4897,48.1041
254.177,20.2931
2
2.11256e-08,2.19299e-08
-94.0434,-94.368
0,0
98.621,98.3025
58.5294,300.165
90.3995,48.2394
254.253,20.2579
2
2.11231e-08,2.19335e-08
-94.0424,-94.3694
0,0
98.622,98.3011
58.5217,300.163
90.4119,48.2497
254.226,20.203
2
2.11257e-08,2.19108e-08
-94.0434,-94.3604
0,0
98.6209,98.3098
58.5894,300.138
90.5248,48.1095
254.114,20.1861
2
2.11207e-08,2.19198e-08
-94.0414,-94.3639
0,0
98.623,98.3064
58.5686,300.136
90.5381,48.1419
254.072,20.0827
2
2.10937e-08,2.19202e-08
-94.0303,-94.3641
0,0
98.6341,98.3062
58.608,300.054
90.9299,47.9914
253.486,19.3301
2
2.10978e-08,2.19455e-08
-94.032,-94.3741
0,0
98.6324,98.2966
58.522,300.103
90.6983,48.1878
253.767,19.5526
2
2.10779e-08,2.19625e-08
-94.0238,-94.3808
0,0
98.6406,98.2901
58.4983,300.068
90.8695,48.1946
253.465,19.0763
2
2.10667e-08,2.19608e-08
-94.0192,-94.3802
0,0
98.6452,98.2907
58.5203,300.031
91.0408,48.1232
253.211,18.761
2
2.10661e-08,2.19737e-08
-94.0189,-94.3853
0,0
98.6455,98.2859
58.4806,300.048
90.962,48.2077
253.295,18.8007
2
2.10749e-08,2.19831e-08
-94.0225,-94.389
0,0
98.6419,98.2823
58.4377,300.088
90.7728,48.3191
253.556,19.0832
2
2.10733e-08,2.20155e-08
-94.0219,-94.4018
0,0
98.6425,98.27
58.3378,300.13
90.5802,48.5302
253.764,19.1727
2
2.10639e-08,2.20143e-08
-94.018,-94.4013
0,0
98.6464,98.2705
58.3556,300.1
90.7188,48.4726
253.556,18.9168
2
2.10563e-08,2.20466e-08
-94.0148,-94.4141
0,0
98.6496,98.2582
58.2649,300.123
90.6108,48.651
253.636,18.8466
2
2.10349e-08,2.2059e-08
-94.006,-94.419
0,0
98.6584,98.2536
58.2577,300.076
90.8214,48.6254
253.28,18.3351
2
2.10142e-08,2.20475e-08
-93.9975,-94.4144
0,0
98.667,98.2579
58.3252,299.997
91.1824,48.4446
252.756,17.7353
2
2.10107e-08,2.20339e-08
-93.996,-94.4091
0,0
98.6685,98.263
58.3734,299.967
91.3247,48.3353
252.575,17.5754
2
2.1006e-08,2.20257e-08
-93.9941,-94.4058
0,0
98.6704,98.2662
58.4066,299.941
91.4477,48.2561
252.41,17.407
2
2.10104e-08,2.20347e-08
-93.9959,-94.4094
0,0
98.6686,98.2628
58.3715,299.967
91.3243,48.3387
252.574,17.5695
2
2.10122e-08,2.20397e-08
-93.9966,-94.4113
0,0
98.6679,98.2609
58.3529,299.98
91.2645,48.3817
252.651,17.6424
2
2.10202e-08,2.20182e-08
-94,-94.4029
0,0
98.6645,98.269
58.409,299.973
91.3026,48.2749
252.654,17.7546
2
2.10132e-08,2.19925e-08
-93.9971,-94.3927
0,0
98.6674,98.2787
58.501,299.915
91.5827,48.0641
252.3,17.4327
2
2.09845e-08,2.20004e-08
-93.9852,-94.3958
0,0
98.6794,98.2757
58.5196,299.839
91.9332,47.9783
251.74,16.6759
2
2.09789e-08,2.19867e-08
-93.9829,-94.3904
0,0
98.6817,98.2809
58.5718,299.802
92.1152,47.857
251.503,16.4374
2
2.10018e-08,2.19908e-08
-93.9924,-94.392
0,0
98.6722,98.2794
58.5238,299.878
91.7571,47.9959
252.039,17.1064
2
2.0979e-08,2.19851e-08
-93.9829,-94.3898
0,0
98.6817,98.2815
58.5769,299.8
92.1257,47.8461
251.492,16.4313
2
2.09719e-08,2.20118e-08
-93.98,-94.4003
0,0
98.6846,98.2714
58.5026,299.818
92.027,47.9973
251.561,16.3911
2
2.0988e-08,2.19874e-08
-93.9867,-94.3907
0,0
98.6779,98.2806
58.5556,299.831
91.9789,47.9055
251.71,16.7003
2
2.10042e-08,2.19739e-08
-93.9933,-94.3854
0,0
98.6712,98.2858
58.5739,299.861
91.8469,47.8909
251.952,17.0788
2
2.09868e-08,2.1982e-08
-93.9862,-94.3886
0,0
98.6784,98.2827
58.5746,299.82
92.0364,47.8624
251.638,16.6345
2
2.0985e-08,2.19643e-08
-93.9854,-94.3816
0,0
98.6792,98.2894
58.6338,299.788
92.1955,47.7307
251.449,16.477
2
2.09683e-08,2.19655e-08
-93.9785,-94.382
0,0
98.6861,98.289
58.6557,299.739
92.4285,47.6596
251.09,16.0049
2
2.0997e-08,2.19408e-08
-93.9904,-94.3723
0,0
98.6742,98.2983
58.6901,299.79
92.1986,47.6257
251.517,16.6789
2
2.1009e-08,2.19372e-08
-93.9953,-94.3708
0,0
98.6692,98.2997
58.6833,299.821
92.0508,47.6595
251.752,17.0026
2
2.10354e-08,2.19251e-08
-94.0062,-94.3661
0,0
98.6582,98.3043
58.6812,299.884
91.7523,47.7103
252.239,17.6945
2
2.10254e-08,2.19425e-08
-94.0021,-94.3729
0,0
98.6624,98.2977
58.6413,299.879
91.7703,47.7798
252.161,17.5057
2
2.103e-08,2.19471e-08
-94.004,-94.3748
0,0
98.6605,98.296
58.6196,299.9
91.6698,47.8353
252.299,17.6612
2
2.10477e-08,2.19581e-08
-94.0113,-94.3791
0,0
98.6531,98.2918
58.5576,299.97
91.3332,48.0039
252.777,18.2191
2
2.10721e-08,2.19502e-08
-94.0214,-94.376
0,0
98.643,98.2948
58.5458,300.032
91.0366,48.0791
253.246,18.8622
2
2.11006e-08,2.19221e-08
-94.0331,-94.3648
0,0
98.6312,98.3055
58.5916,300.078
90.8151,48.0434
253.652,19.5338
2
2.11205e-08,2.19111e-08
-94.0413,-94.3605
0,0
98.6231,98.3097
58.5963,300.123
90.5986,48.0815
254.003,20.0433
2
2.11566e-08,2.18921e-08
-94.0561,-94.353
0,0
98.6083,98.3169
58.6019,300.205
90.1938,48.1648
254.65,20.977
2
2.1137e-08,2.18781e-08
-94.0481,-94.3474
0,0
98.6163,98.3223
58.6754,300.125
90.5762,47.9516
254.119,20.3757
2
2.11394e-08,2.19043e-08
-94.0491,-94.3578
0,0
98.6153,98.3123
58.5893,300.17
90.3668,48.1453
254.365,20.5432
2
2.11253e-08,2.19104e-08
-94.0433,-94.3602
0,0
98.6211,98.31
58.5913,300.136
90.5329,48.1044
254.103,20.1747
2
2.11409e-08,2.19189e-08
-94.0497,-94.3636
0,0
98.6147,98.3067
58.5412,300.196
90.2492,48.2536
254.504,20.6389
2
2.11385e-08,2.19152e-08
-94.0487,-94.3621
0,0
98.6157,98.3081
58.5563,300.183
90.3086,48.2144
254.424,20.5583
2
2.11688e-08,2.18898e-08
-94.0611,-94.3521
0,0
98.6033,98.3178
58.5909,300.239
90.0288,48.2233
254.899,21.3079
2
2.11455e-08,2.19019e-08
-94.0516,-94.3569
0,0
98.6128,98.3132
58.5876,300.186
90.2924,48.1654
254.481,20.705
2
2.11295e-08,2.1889e-08
-94.045,-94.3517
0,0
98.6193,98.3181
58.6524,300.118
90.614,47.9822
254.036,20.208
2
2.11623e-08,2.18775e-08
-94.0585,-94.3472
0,0
98.6059,98.3225
58.6394,300.201
90.2039,48.0996
254.67,21.0863
2
2.11781e-08,2.1894e-08
-94.065,-94.3537
0,0
98.5994,98.3162
58.5637,300.273
89.8646,48.3092
255.132,21.5797
2
2.11552e-08,2.19272e-08
-94.0556,-94.3669
0,0
98.6088,98.3035
58.4936,300.251
89.9883,48.3949
254.872,21.0591
2
2.11713e-08,2.19402e-08
-94.0622,-94.372
0,0
98.6022,98.2986
58.4289,300.319
89.6765,48.5785
255.307,21.5324
2
2.12058e-08,2.19348e-08
-94.0763,-94.3699
0,0
98.5881,98.3006
58.395,300.416
89.2177,48.7532
256.002,22.4339
2
2.1216e-08,2.19077e-08
-94.0805,-94.3592
0,0
98.5839,98.311
58.4646,300.408
89.231,48.6376
256.038,22.6417
2
2.1208e-08,2.19197e-08
-94.0772,-94.3639
0,0
98.5872,98.3064
58.4391,300.401
89.2758,48.6665
255.947,22.4557
2
2.12156e-08,2.19095e-08
-94.0803,-94.3599
0,0
98.5841,98.3103
58.4598,300.409
89.2271,48.6464
256.041,22.634
2
2.12089e-08,2.1931e-08
-94.0776,-94.3684
0,0
98.5869,98.3021
58.4023,300.419
89.1968,48.7471
256.04,22.5049
2
2.12478e-08,2.19246e-08
-94.0935,-94.3658
0,0
98.571,98.3045
58.3655,300.528
88.6811,48.9511
256.819,23.5112
2
2.12462e-08,2.19089e-08
-94.0929,-94.3596
0,0
98.5717,98.3105
58.4167,300.501
88.7912,48.8385
256.686,23.4429
2
2.12291e-08,2.18924e-08
-94.0859,-94.3531
0,0
98.5786,98.3168
58.4933,300.426
89.132,48.6192
256.216,22.9571
2
2.1239e-08,2.18514e-08
-94.0899,-94.3368
0,0
98.5746,98.3325
58.6068,300.397
89.228,48.4112
256.159,23.1349
2
2.12324e-08,2.18752e-08
-94.0872,-94.3463
0,0
98.5773,98.3234
58.5424,300.411
89.1853,48.526
256.173,23.0076
2
2.12302e-08,2.18805e-08
-94.0863,-94.3483
0,0
98.5782,98.3214
58.529,300.412
89.1855,48.5473
256.162,22.9614
2
2.12605e-08,2.18773e-08
-94.0987,-94.3471
0,0
98.5659,98.3226
58.4945,300.499
88.7639,48.7244
256.787,23.7644
2
2.12767e-08,2.18777e-08
-94.1053,-94.3472
0,0
98.5593,98.3225
58.4695,300.549
88.5272,48.8351
257.134,24.1936
2
2.12738e-08,2.18512e-08
-94.1041,-94.3367
0,0
98.5604,98.3326
58.5563,300.503
88.7158,48.6425
256.908,24.0777
2
2.12676e-08,2.18661e-08
-94.1016,-94.3427
0,0
98.563,98.3269
58.5189,300.505
88.7236,48.6983
256.868,23.9345
2
2.12828e-08,2.18349e-08
-94.1078,-94.3302
0,0
98.5568,98.3389
58.5939,300.507
88.675,48.5966
256.998,24.2932
2
2.12784e-08,2.18582e-08
-94.106,-94.3395
0,0
98.5586,98.3299
58.5279,300.526
88.6106,48.7189
257.048,24.2095
2
2.1313e-08,2.18449e-08
-94.1201,-94.3342
0,0
98.5446,98.335
58.5187,300.612
88.1779,48.8705
257.704,25.1095
2
2.13139e-08,2.1841e-08
-94.1205,-94.3327
0,0
98.5442,98.3366
58.5295,300.61
88.1849,48.8517
257.7,25.1304
2
2.13451e-08,2.18425e-08
-94.1332,-94.3333
0,0
98.5316,98.336
58.4794,300.706
87.7231,49.0821
258.37,25.9477
2
2.13302e-08,2.18335e-08
-94.1271,-94.3297
0,0
98.5377,98.3394
58.529,300.648
46.8662,93.9201
258.177,20.5003
2
2.1315e-08,2.18605e-08
-94.1209,-94.3404
0,0
98.5438,98.3291
58.4673,300.641
82.0988,54.6404
266.515,36.1034
2
2.13434e-08,2.18335e-08
-94.1325,-94.3297
0,0
98.5323,98.3394
58.5099,300.689
56.5699,97.7611
283.772,39.6383
2
2.13389e-08,2.18316e-08
-94.1307,-94.3289
0,0
98.5342,98.3402
58.5224,300.672
74.9114,70.3559
288.128,53.2453
2
2.12995e-08,2.18485e-08
-94.1146,-94.3356
0,0
98.55,98.3337
58.5271,300.577
71.6297,90.708
302.483,59.6412
2
2.13331e-08,2.18287e-08
-94.1283,-94.3278
0,0
98.5365,98.3413
58.5398,300.651
76.8771,79.9087
311.011,70.7712
2
2.13522e-08,2.183e-08
-94.1361,-94.3283
0,0
98.5288,98.3408
58.5079,300.71
78.8912,83.9695
322.373,80.1676
2
2.137e-08,2.18201e-08
-94.1433,-94.3243
0,0
98.5216,98.3446
58.5131,300.75
79.4869,82.0475
332.249,90.4082
2
2.13517e-08,2.1845e-08
-94.1359,-94.3343
0,0
98.529,98.335
58.4623,300.73
79.8795,82.3384
342.251,100.199
2
2.13766e-08,2.18414e-08
-94.146,-94.3328
0,0
98.519,98.3364
58.4377,300.8
79.7925,82.3861
352.325,110.188
2
2.1389e-08,2.18589e-08
-94.151,-94.3398
0,0
98.514,98.3297
58.3658,300.862
79.6652,82.577
2.2359,119.946
2
2.13825e-08,2.18876e-08
-94.1484,-94.3512
0,0
98.5166,98.3186
58.2863,300.883
79.6609,82.5833
2.13804,119.749
2
2.14139e-08,2.18634e-08
-94.1611,-94.3416
0,0
98.504,98.328
58.3166,300.944
79.6797,82.5709
2.16855,119.749
2
2.13982e-08,2.18633e-08
-94.1548,-94.3415
0,0
98.5103,98.328
58.339,300.896
79.6705,82.5752
2.2003,119.85
2
2.14036e-08,2.18838e-08
-94.157,-94.3497
0,0
98.5081,98.3201
58.2682,300.941
79.6734,82.577
2.11057,119.646
2
2.14274e-08,2.18587e-08
-94.1666,-94.3397
0,0
98.4986,98.3297
58.3116,300.978
79.6877,82.5665
2.15926,119.7
2
2.14122e-08,2.18728e-08
-94.1604,-94.3453
0,0
98.5047,98.3244
58.2901,300.951
79.6786,82.5729
2.13601,119.682
2
2.14406e-08,2.18665e-08
-94.172,-94.3428
0,0
98.4934,98.3267
58.2692,301.028
79.6954,82.5642
2.10351,119.552
2
2.14472e-08,2.18841e-08
-94.1747,-94.3498
0,0
98.4907,98.32
58.206,301.073
79.699,82.5653
2.02345,119.365
2
2.14769e-08,2.18659e-08
-94.1867,-94.3426
0,0
98.4789,98.327
58.2201,301.137
79.7166,82.5544
2.03454,119.325
2
2.14441e-08,2.18753e-08
-94.1734,-94.3463
0,0
98.492,98.3234
58.2374,301.051
79.6973,82.5647
2.06318,119.457
2
2.14091e-08,2.18862e-08
-94.1592,-94.3506
0,0
98.506,98.3192
58.2531,300.961
79.6766,82.5759
2.09061,119.591
2
2.14521e-08,2.18742e-08
-94.1766,-94.3459
0,0
98.4888,98.3238
58.2296,301.074
79.702,82.5624
2.05172,119.416
2
2.14895e-08,2.18704e-08
-94.1918,-94.3443
0,0
98.4739,98.3253
58.1891,301.181
79.7239,82.5518
1.99339,119.21
2
2.14967e-08,2.18946e-08
-94.1947,-94.354
0,0
98.471,98.316
58.105,301.235
79.7278,82.5538
1.88795,118.966
2
2.1481e-08,2.18814e-08
-94.1883,-94.3487
0,0
98.4773,98.321
58.1671,301.17
79.7188,82.5559
1.96804,119.173
2
2.14734e-08,2.18702e-08
-94.1852,-94.3443
0,0
98.4803,98.3253
58.2121,301.132
79.7145,82.5561
2.02532,119.313
2
2.14744e-08,2.18624e-08
-94.1857,-94.3412
0,0
98.4799,98.3283
58.2345,301.125
79.7152,82.5545
2.05292,119.371
2
2.14938e-08,2.1848e-08
-94.1935,-94.3355
0,0
98.4722,98.3338
58.2513,301.163
79.7267,82.547
2.06945,119.365
2
2.15004e-08,2.18623e-08
-94.1961,-94.3411
0,0
98.4696,98.3284
58.1986,301.202
79.7303,82.5476
2.00285,119.207
2
2.15317e-08,2.18565e-08
-94.2088,-94.3388
0,0
98.4572,98.3306
58.1729,301.289
79.7486,82.5384
1.96455,119.057
2
2.15194e-08,2.18794e-08
-94.2038,-94.3479
0,0
98.462,98.3218
58.1201,301.283
79.7412,82.5454
1.90194,118.948
2
2.15555e-08,2.18653e-08
-94.2184,-94.3423
0,0
98.4478,98.3272
58.1136,301.372
79.7622,82.5337
1.8867,118.837
2
2.15524e-08,2.18515e-08
-94.2171,-94.3369
0,0
98.449,98.3325
58.1596,301.344
79.7606,82.5322
1.94386,118.967
2
2.15433e-08,2.18771e-08
-94.2135,-94.347
0,0
98.4526,98.3227
58.0944,301.351
79.7551,82.5388
1.86556,118.817
2
2.15514e-08,2.18677e-08
-94.2167,-94.3433
0,0
98.4494,98.3263
58.1119,301.363
79.7598,82.5351
1.88546,118.843
2
2.15169e-08,2.18843e-08
-94.2028,-94.3499
0,0
98.463,98.3199
58.1087,301.282
79.7397,82.5468
1.88843,118.924
2
2.1544e-08,2.18701e-08
-94.2137,-94.3442
0,0
98.4523,98.3254
58.1146,301.344
79.7555,82.5374
1.89025,118.869
2
2.15581e-08,2.18347e-08
-94.2194,-94.3302
0,0
98.4467,98.339
58.2029,301.338
79.7641,82.5279
1.9959,119.068
2
2.15247e-08,2.18522e-08
-94.206,-94.3371
0,0
98.4599,98.3322
58.1958,301.262
79.7446,82.5396
1.99424,119.136
2
2.15101e-08,2.18749e-08
-94.2001,-94.3461
0,0
98.4657,98.3235
58.1468,301.249
81.5989,83.2513
2.19303,118.71
2
2.15255e-08,2.18828e-08
-94.2063,-94.3493
0,0
98.4596,98.3205
58.1015,301.306
76.5222,83.3653
352.19,109.745
2
2.15201e-08,2.18989e-08
-94.2041,-94.3557
0,0
98.4618,98.3144
58.0599,301.311
73.7731,86.8334
342.883,99.8445
2
2.15008e-08,2.19243e-08
-94.1963,-94.3657
0,0
98.4694,98.3046
58.0089,301.288
67.6834,86.5469
331.985,90.5599
