ns3::UniformPlanarArray
AntennaElement,ns3::IsotropicAntennaModel
AntennaVerticalSpacing,0.500
AntennaHorizontalSpacing,0.500
NumRows,2
NumColumns,8
12
16
(0.250000,0.000000);(0.250000,0.000000);(0.250000,0.000000);(0.250000,0.000000);(0.250000,0.000000);(0.250000,0.000000);(0.250000,0.000000);(0.250000,0.000000);(0.250000,0.000000);(0.250000,0.000000);(0.250000,0.000000);(0.250000,0.000000);(0.250000,0.000000);(0.250000,0.000000);(0.250000,0.000000);(0.250000,0.000000)
(-0.189773,0.162745);(-0.041521,0.246528);(0.125996,0.215928);(0.235054,0.085144);(0.235054,-0.085144);(0.125996,-0.215928);(-0.041521,-0.246528);(-0.189773,-0.162745);(-0.189773,0.162745);(-0.041521,0.246528);(0.125996,0.215928);(0.235054,0.085144);(0.235054,-0.085144);(0.125996,-0.215928);(-0.041521,-0.246528);(-0.189773,-0.162745)
(0.029722,-0.248227);(-0.238120,-0.076151);(-0.119828,0.219411);(0.192776,0.159177);(0.192776,-0.159177);(-0.119828,-0.219411);(-0.238120,0.076151);(0.029722,0.248227);(0.029722,-0.248227);(-0.238120,-0.076151);(-0.119828,0.219411);(0.192776,0.159177);(0.192776,-0.159177);(-0.119828,-0.219411);(-0.238120,0.076151);(0.029722,0.248227)
(0.156033,0.195330);(0.101061,-0.228663);(-0.249481,0.016106);(0.129623,0.213770);(0.129623,-0.213770);(-0.249481,-0.016106);(0.101061,0.228663);(0.156033,-0.195330);(0.156033,0.195330);(0.101061,-0.228663);(-0.249481,0.016106);(0.129623,0.213770);(0.129623,-0.213770);(-0.249481,-0.016106);(0.101061,0.228663);(0.156033,-0.195330)
(-0.244509,-0.052107);(0.206506,0.140908);(-0.137677,-0.208675);(0.048295,0.245291);(0.048295,-0.245291);(-0.137677,0.208675);(0.206506,-0.140908);(-0.244509,0.052107);(-0.244509,-0.052107);(0.206506,0.140908);(-0.137677,-0.208675);(0.048295,0.245291);(0.048295,-0.245291);(-0.137677,0.208675);(0.206506,-0.140908);(-0.244509,0.052107)
(-0.189773,-0.162745);(-0.041521,-0.246528);(0.125996,-0.215928);(0.235054,-0.085144);(0.235054,0.085144);(0.125996,0.215928);(-0.041521,0.246528);(-0.189773,0.162745);(-0.189773,-0.162745);(-0.041521,-0.246528);(0.125996,-0.215928);(0.235054,-0.085144);(0.235054,0.085144);(0.125996,0.215928);(-0.041521,0.246528);(-0.189773,0.162745)
(0.029722,0.248227);(-0.238120,0.076151);(-0.119828,-0.219411);(0.192776,-0.159177);(0.192776,0.159177);(-0.119828,0.219411);(-0.238120,-0.076151);(0.029722,-0.248227);(0.029722,0.248227);(-0.238120,0.076151);(-0.119828,-0.219411);(0.192776,-0.159177);(0.192776,0.159177);(-0.119828,0.219411);(-0.238120,-0.076151);(0.029722,-0.248227)
(0.156033,-0.195330);(0.101061,0.228663);(-0.249481,-0.016106);(0.129623,-0.213770);(0.129623,0.213770);(-0.249481,0.016106);(0.101061,-0.228663);(0.156033,0.195330);(0.156033,-0.195330);(0.101061,0.228663);(-0.249481,-0.016106);(0.129623,-0.213770);(0.129623,0.213770);(-0.249481,0.016106);(0.101061,-0.228663);(0.156033,0.195330)
(-0.244509,0.052107);(0.206506,-0.140908);(-0.137677,0.208675);(0.048295,-0.245291);(0.048295,0.245291);(-0.137677,-0.208675);(0.206506,0.140908);(-0.244509,-0.052107);(-0.244509,0.052107);(0.206506,-0.140908);(-0.137677,0.208675);(0.048295,-0.245291);(0.048295,0.245291);(-0.137677,-0.208675);(0.206506,0.140908);(-0.244509,-0.052107)
(0.013597,0.249630);(0.013597,0.249630);(0.013597,0.249630);(0.013597,0.249630);(0.013597,0.249630);(0.013597,0.249630);(0.013597,0.249630);(0.013597,0.249630);(0.013597,-0.249630);(0.013597,-0.249630);(0.013597,-0.249630);(0.013597,-0.249630);(0.013597,-0.249630);(0.013597,-0.249630);(0.013597,-0.249630);(0.013597,-0.249630)
(-0.148635,-0.201017);(-0.244873,-0.050371);(-0.215909,0.126030);(-0.076551,0.237992);(0.101947,0.228269);(0.228320,0.101833);(0.237953,-0.076669);(0.125922,-0.215971);(0.125922,0.215971);(0.237953,0.076669);(0.228320,-0.101833);(0.101947,-0.228269);(-0.076551,-0.237992);(-0.215909,-0.126030);(-0.244873,0.050371);(-0.148635,0.201017)
(0.125922,-0.215971);(0.237953,-0.076669);(0.228320,0.101833);(0.101947,0.228269);(-0.076551,0.237992);(-0.215909,0.126030);(-0.244873,-0.050371);(-0.148635,-0.201017);(-0.148635,0.201017);(-0.244873,0.050371);(-0.215909,-0.126030);(-0.076551,-0.237992);(0.101947,-0.228269);(0.228320,-0.101833);(0.237953,0.076669);(0.125922,0.215971)
