2
1.69909e-08,4.38953e-08
-82.1515,-105.396
0,0
82.2202,86.9965
13.0456,175.027
97.7798,93.0035
13.1369,5.06439
2
1.68066e-08,4.37086e-08
-82.0568,-105.359
0,0
82.1343,86.9836
13.1146,175.035
97.8657,93.0164
11.3701,3.22036
2
1.66225e-08,4.35219e-08
-81.9611,-105.321
0,0
82.0466,86.9707
13.1852,175.043
97.9534,93.0293
9.60485,1.37626
2
1.64383e-08,4.33352e-08
-81.8644,-105.284
0,0
81.957,86.9576
13.2574,175.052
98.043,93.0424
7.84123,359.532
2
1.62543e-08,4.31485e-08
-81.7666,-105.247
0,0
81.8653,86.9444
13.3312,175.06
98.1347,93.0556
6.07927,357.688
2
1.60703e-08,4.29618e-08
-81.6677,-105.209
0,0
81.7715,86.9312
13.4068,175.069
98.2285,93.0688
4.31904,355.844
2
1.58864e-08,4.27751e-08
-81.5677,-105.171
0,0
81.6756,86.9177
13.4842,175.077
98.3244,93.0823
2.56059,353.999
2
1.57026e-08,4.25885e-08
-81.4666,-105.133
0,0
81.5774,86.9042
13.5634,175.086
98.4226,93.0958
0.803997,352.155
2
1.55188e-08,4.24018e-08
-81.3644,-105.095
0,0
81.4769,86.8906
13.6445,175.095
98.5231,93.1094
359.049,350.31
2
1.53351e-08,4.22151e-08
-81.261,-105.057
0,0
81.3741,86.8768
13.7276,175.104
98.6259,93.1232
357.297,348.466
2
1.51515e-08,4.20284e-08
-81.1564,-105.018
0,0
81.2688,86.8629
13.8128,175.112
98.7312,93.1371
355.546,346.621
2
1.4968e-08,4.18418e-08
-81.0505,-104.979
0,0
81.1609,86.8489
13.9001,175.121
98.8391,93.1511
353.798,344.776
2
1.47846e-08,4.16551e-08
-80.9434,-104.941
0,0
81.0503,86.8348
13.9896,175.13
98.9497,93.1652
352.051,342.931
2
1.46013e-08,4.14684e-08
-80.835,-104.902
0,0
80.937,86.8205
14.0815,175.14
99.063,93.1795
350.307,341.086
2
1.44181e-08,4.12818e-08
-80.7254,-104.862
0,0
80.8208,86.8061
14.1757,175.149
99.1792,93.1939
348.566,339.241
2
1.42349e-08,4.10951e-08
-80.6143,-104.823
0,0
80.7017,86.7916
14.2724,175.158
99.2983,93.2084
346.827,337.396
2
1.40519e-08,4.09085e-08
-80.5019,-104.783
0,0
80.5795,86.777
14.3718,175.167
99.4205,93.223
345.09,335.551
2
1.3869e-08,4.07218e-08
-80.3881,-104.744
0,0
80.4541,86.7622
14.4738,175.177
99.5459,93.2378
343.356,333.706
2
1.36862e-08,4.05352e-08
-80.2729,-104.704
0,0
80.3254,86.7472
14.5786,175.187
99.6746,93.2528
341.625,331.86
2
1.35035e-08,4.03485e-08
-80.1561,-104.664
0,0
80.1932,86.7322
14.6863,175.196
99.8068,93.2678
339.897,330.015
2
1.33209e-08,4.01619e-08
-80.0379,-104.624
0,0
80.0574,86.717
14.7971,175.206
99.9426,93.283
338.172,328.169
3
1.31385e-08,3.99753e-08,1.36871e-08
-79.9181,-104.583,-95.2735
0,0,0
79.9179,86.7016,80.3261
14.911,175.216,7.76969
100.082,93.2984,99.6739
336.45,326.324,13.7711
3
1.29562e-08,3.97886e-08,1.35838e-08
-79.7967,-104.542,-95.2076
0,0,0
79.7746,86.6861,80.2518
15.0283,175.226,6.9361
100.225,93.3139,99.7482
334.732,324.478,12.7689
3
1.2774e-08,3.9602e-08,1.34568e-08
-79.6738,-104.502,-95.1261
0,0,0
79.6271,86.6705,80.1589
15.149,175.236,6.3529
100.373,93.3295,99.8411
333.017,322.632,11.5163
3
1.2592e-08,3.94154e-08,1.33313e-08
-79.5491,-104.461,-95.0446
0,0,0
79.4755,86.6547,80.0652
15.2733,175.246,5.75832
100.525,93.3453,99.9348
331.305,320.786,10.2751
3
1.24101e-08,3.92288e-08,1.32072e-08
-79.4227,-104.419,-94.9634
0,0,0
79.3194,86.6388,79.9709
15.4014,175.256,5.15215
100.681,93.3612,100.029
329.598,318.94,9.04547
3
1.22284e-08,3.90422e-08,1.30846e-08
-79.2946,-104.378,-94.8824
0,0,0
79.1588,86.6227,79.876
15.5335,175.266,4.53419
100.841,93.3773,100.124
327.894,317.094,7.82763
2
1.20468e-08,1.29635e-08
-79.1647,-94.8017
0,0
78.9934,79.7804
15.6697,3.90423
101.007,100.22
326.194,6.62178
2
1.18654e-08,1.2844e-08
-79.0329,-94.7212
0,0
78.823,79.6843
15.8102,3.2621
101.177,100.316
324.499,5.42811
2
1.16842e-08,1.27262e-08
-78.8992,-94.6412
0,0
78.6474,79.5877
15.9552,2.60758
101.353,100.412
322.808,4.24682
1
1.15032e-08
-78.7636
0
78.4663
16.105
101.534
321.122
2
1.13224e-08,1.24641e-08
-78.626,-94.4605
0,0
78.2795,79.3663
16.2598,1.53409
101.721,100.634
319.441,1.6487
2
1.11417e-08,1.8183e-08
-78.4863,-97.7405
0,0
78.0867,82.7331
16.4198,33.849
101.913,97.2669
317.765,201.502
2
1.09613e-08,1.82373e-08
-78.3445,-97.7664
0,0
77.8877,82.7548
16.5853,34.4164
102.112,97.2452
316.095,199.099
2
1.07812e-08,1.83547e-08
-78.2005,-97.8222
0,0
77.6821,82.8014
16.7567,35.0589
102.318,97.1986
314.431,196.621
2
1.06012e-08,1.84127e-08
-78.0543,-97.8496
0,0
77.4697,82.8242
16.9341,35.6171
102.53,97.1758
312.772,194.227
2
1.04215e-08,1.84725e-08
-77.9059,-97.8777
0,0
77.25,82.8476
17.118,36.1716
102.75,97.1524
311.12,191.836
3
1.02421e-08,3.19147e-08,1.85339e-08
-77.755,-102.627,-97.9066
0,0,0
77.0228,85.8673,82.8714
17.3086,287.418,36.7225
102.977,94.1327,97.1286
309.475,4.74841,189.45
3
1.0063e-08,3.18383e-08,1.85971e-08
-77.6017,-102.606,-97.9361
0,0,0
76.7877,85.8573,82.8957
17.5064,287.111,37.2696
103.212,94.1427,97.1043
307.837,3.2202,187.067
3
9.88412e-09,3.17629e-08,1.86619e-08
-77.446,-102.586,-97.9663
0,0,0
76.5441,85.8475,82.9205
17.7118,286.801,37.8129
103.456,94.1525,97.0795
306.207,1.69347,184.688
3
9.70558e-09,3.16884e-08,1.87283e-08
-77.2877,-102.565,-97.9972
0,0,0
76.2918,85.8377,82.9458
17.9251,286.491,38.3523
103.708,94.1623,97.0542
304.584,0.16821,182.312
3
9.52737e-09,3.16148e-08,1.87964e-08
-77.1267,-102.545,-98.0287
0,0,0
76.0302,85.828,82.9714
18.147,286.179,38.8878
103.97,94.172,97.0286
302.97,358.644,179.941
3
9.34951e-09,3.15421e-08,1.8866e-08
-76.963,-102.525,-98.0608
0,0,0
75.7589,85.8184,82.9975
18.3778,285.865,39.4194
104.241,94.1816,97.0025
301.365,357.122,177.574
3
9.17201e-09,3.14704e-08,1.89373e-08
-76.7965,-102.505,-98.0936
0,0,0
75.4773,85.8088,83.024
18.6182,285.551,39.9469
104.523,94.1912,96.976
299.77,355.601,175.21
3
8.99489e-09,3.13997e-08,1.90102e-08
-76.6271,-102.486,-98.1269
0,0,0
75.1849,85.7994,83.0509
18.8687,285.234,40.4704
104.815,94.2006,96.9491
298.185,354.082,172.851
3
8.81819e-09,3.13299e-08,1.90845e-08
-76.4548,-102.466,-98.1609
0,0,0
74.881,85.79,83.0781
19.1299,284.916,40.9898
105.119,94.21,96.9219
296.61,352.564,170.496
3
8.64193e-09,3.12611e-08,1.91605e-08
-76.2794,-102.447,-98.1954
0,0,0
74.565,85.7807,83.1057
19.4027,284.597,41.505
105.435,94.2193,96.8943
295.047,351.047,168.145
3
8.46613e-09,3.11932e-08,1.92379e-08
-76.1009,-102.428,-98.2304
0,0,0
74.2363,85.7715,83.1336
19.6876,284.277,42.0161
105.764,94.2285,96.8664
293.496,349.532,165.798
3
8.29082e-09,3.11263e-08,1.93169e-08
-75.9192,-102.41,-98.266
0,0,0
73.894,85.7624,83.1618
19.9856,283.955,42.523
106.106,94.2376,96.8382
291.958,348.018,163.455
3
8.11603e-09,3.10604e-08,1.93973e-08
-75.7341,-102.391,-98.3021
0,0,0
73.5374,85.7534,83.1902
20.2976,283.631,43.0257
106.463,94.2466,96.8098
290.434,346.506,161.117
3
8.11603e-09,3.10604e-08,1.93973e-08
-75.7341,-102.391,-98.3021
0,0,0
73.5374,85.7534,83.1902
20.2976,283.631,43.0257
106.463,94.2466,96.8098
290.434,346.506,161.117
3
8.06888e-09,3.0891e-08,1.95605e-08
-75.6835,-102.344,-98.3748
0,0,0
73.4384,85.7301,83.2473
19.035,283.729,42.8237
106.562,94.2699,96.7527
291.008,348.243,163.155
4
8.02539e-09,3.07217e-08,3.4748e-08,1.97239e-08
-75.6365,-102.296,-103.366,-98.4471
0,0,0,0
73.346,85.7065,86.2048,83.3035
17.7568,283.829,176.122,42.6251
106.654,94.2935,93.7952,96.6965
291.565,349.98,277.686,165.189
4
7.98562e-09,3.05526e-08,3.47477e-08,1.98876e-08
-75.5934,-102.248,-103.366,-98.5189
0,0,0,0
73.2607,85.6827,86.2047,83.3589
16.4642,283.929,176.416,42.4298
106.739,94.3173,93.7953,96.6411
292.108,351.715,279.228,167.22
3
7.94964e-09,3.03835e-08,2.00515e-08
-75.5542,-102.2,-98.5902
0,0,0
73.1827,85.6586,83.4134
15.1581,284.03,42.2378
106.817,94.3414,96.5866
292.638,353.45,169.248
4
7.9175e-09,3.02145e-08,3.47497e-08,2.02157e-08
-75.519,-102.152,-103.366,-98.661
0,0,0,0
73.1124,85.6343,86.205,83.4671
13.8397,284.133,177.004,42.0489
106.888,94.3657,93.795,96.5329
293.156,355.183,282.312,171.273
5
7.88923e-09,3.00456e-08,3.47521e-08,2.038e-08,7.93777e-09
-75.4879,-102.103,-103.367,-98.7313,-90.5412
0,0,0,0,0
73.05,85.6097,86.2052,83.5201,108.064
12.5103,284.237,177.298,41.8631,12.5103
106.95,94.3903,93.7948,96.4799,108.064
293.662,356.915,283.854,173.294,293.662
5
7.8649e-09,2.98768e-08,3.47554e-08,2.05447e-08,7.91358e-09
-75.4611,-102.054,-103.368,-98.8012,-90.5147
0,0,0,0,0
72.996,85.5848,86.2056,83.5722,108.121
11.1712,284.342,177.592,41.6803,11.1712
107.004,94.4152,93.7944,96.4278,108.121
294.159,358.646,285.396,175.313,294.159
5
7.84452e-09,2.97081e-08,3.47596e-08,2.07095e-08,7.89333e-09
-75.4385,-102.005,-103.369,-98.8706,-90.4924
0,0,0,0,0
72.9505,85.5597,86.206,83.6236,108.169
9.82373,284.448,177.886,41.5005,9.82373
107.05,94.4403,93.794,96.3764,108.169
294.647,0.375634,286.938,177.328,294.647
5
7.82813e-09,2.95395e-08,3.47647e-08,2.08745e-08,7.87704e-09
-75.4204,-101.955,-103.37,-98.9396,-90.4745
0,0,0,0,0
72.9137,85.5343,86.2066,83.6742,108.208
8.46934,284.555,178.179,41.3235,8.46934
107.086,94.4657,93.7934,96.3258,108.208
295.128,2.10411,288.48,179.341,295.128
5
7.81576e-09,2.93711e-08,3.47707e-08,2.10398e-08,7.86475e-09
-75.4066,-101.906,-103.371,-99.008,-90.4609
0,0,0,0,0
72.8858,85.5087,86.2073,83.7241,108.238
7.10948,284.664,178.473,41.1493,7.10948
107.114,94.4913,93.7927,96.2759,108.238
295.604,3.83134,290.022,181.351,295.604
5
7.80742e-09,2.92027e-08,3.47776e-08,2.12052e-08,7.85646e-09
-75.3974,-101.856,-103.373,-99.0761,-90.4518
0,0,0,0,0
72.867,85.4827,86.208,83.7732,108.257
5.74568,284.773,178.767,40.9779,5.74568
107.133,94.5173,93.792,96.2268,108.257
296.076,5.55731,291.564,183.358,296.076
5
7.80313e-09,2.90345e-08,3.47855e-08,2.13709e-08,7.8522e-09
-75.3926,-101.806,-103.375,-99.1437,-90.447
0,0,0,0,0
72.8572,85.4565,86.2089,83.8217,108.268
4.37946,284.885,179.06,40.8092,4.37946
107.143,94.5435,93.7911,96.1783,108.268
296.546,7.28201,293.106,185.363,296.546
5
7.8029e-09,2.88663e-08,3.47942e-08,2.15367e-08,7.85197e-09
-75.3923,-101.755,-103.377,-99.2108,-90.4468
0,0,0,0,0
72.8567,85.43,86.2098,83.8695,108.268
3.01238,284.997,179.353,40.6431,3.01238
107.143,94.57,93.7902,96.1305,108.268
297.015,9.00539,294.649,187.365,297.015
5
7.80672e-09,2.86983e-08,3.48039e-08,2.17028e-08,7.85577e-09
-75.3966,-101.704,-103.38,-99.2775,-90.451
0,0,0,0,0
72.8654,85.4032,86.2109,83.9165,108.259
1.64598,285.111,179.646,40.4796,1.64598
107.135,94.5968,93.7891,96.0835,108.259
297.484,10.7275,296.192,189.364,297.484
5
7.81459e-09,2.85305e-08,3.48144e-08,2.1869e-08,7.86359e-09
-75.4053,-101.653,-103.382,-99.3438,-90.4596
0,0,0,0,0
72.8832,85.376,86.212,83.9629,108.24
0.281819,285.226,179.939,40.3186,0.281819
107.117,94.624,93.788,96.0371,108.24
297.956,12.4482,297.735,191.361,297.956
6
7.8265e-09,2.83627e-08,3.48259e-08,1.57578e-08,2.20354e-08,7.87542e-09
-75.4186,-101.602,-103.385,-96.4971,-99.4097,-90.4727
0,0,0,0,0,0
72.91,85.3486,86.2133,81.6072,84.0087,108.212
358.921,285.342,180.232,359.482,40.1601,358.921
107.09,94.6514,93.7867,98.3928,95.9913,108.212
298.431,14.1675,299.278,120.027,193.355,298.431
6
7.84243e-09,2.81951e-08,3.48383e-08,1.57493e-08,2.2202e-08,7.89125e-09
-75.4362,-101.551,-103.388,-96.4924,-99.4751,-90.4901
0,0,0,0,0,0
72.9458,85.3209,86.2146,81.6026,84.0538,108.174
357.566,285.46,180.525,358.829,40.0039,357.566
107.054,94.6791,93.7854,98.3974,95.9462,108.174
298.912,15.8855,300.821,122.516,195.347,298.912
5
7.86235e-09,2.80276e-08,1.57428e-08,2.23688e-08,7.91105e-09
-75.4583,-101.499,-96.4888,-99.5401,-90.5119
0,0,0,0,0
72.9903,85.2929,81.5991,84.0983,108.127
356.218,285.579,358.175,39.8501,356.218
107.01,94.7071,98.4009,95.9017,108.127
299.399,17.602,125.006,197.337,299.399
5
7.88624e-09,2.78602e-08,1.57383e-08,2.25357e-08,7.93479e-09
-75.4846,-101.447,-96.4864,-99.6047,-90.5379
0,0,0,0,0
73.0434,85.2646,81.5967,84.1422,108.071
354.878,285.7,357.521,39.6986,354.878
106.957,94.7354,98.4033,95.8578,108.071
299.895,19.3171,127.496,199.324,299.895
5
7.91405e-09,2.76929e-08,1.57358e-08,2.27028e-08,7.96243e-09
-75.5152,-101.395,-96.485,-99.6688,-90.5681
0,0,0,0,0
73.1048,85.2359,81.5953,84.1855,108.006
353.547,285.822,356.866,39.5494,353.547
106.895,94.7641,98.4047,95.8145,108.006
300.4,21.0307,129.987,201.309,300.4
5
7.94575e-09,2.75258e-08,1.57353e-08,2.28701e-08,7.99394e-09
-75.5499,-101.342,-96.4847,-99.7326,-90.6024
0,0,0,0,0
73.1742,85.2069,81.5951,84.2281,107.933
352.228,285.946,356.211,39.4023,352.228
106.826,94.7931,98.4049,95.7719,107.933
300.916,22.7428,132.477,203.292,300.916
5
7.98129e-09,2.73588e-08,1.57368e-08,2.30375e-08,8.02927e-09
-75.5887,-101.289,-96.4856,-99.7959,-90.6407
0,0,0,0,0
73.2513,85.1776,81.5959,84.2702,107.851
350.92,286.071,355.557,39.2575,350.92
106.749,94.8224,98.4041,95.7298,107.851
301.445,24.4534,134.968,205.273,301.445
5
8.02062e-09,2.7192e-08,1.57404e-08,2.32051e-08,8.06837e-09
-75.6314,-101.236,-96.4875,-99.8589,-90.6829
0,0,0,0,0
73.3359,85.1479,81.5978,84.3117,107.762
349.626,286.198,354.902,39.1147,349.626
106.664,94.8521,98.4022,95.6883,107.762
301.986,26.1625,137.458,207.251,301.986
5
8.06369e-09,2.70253e-08,1.57459e-08,2.33728e-08,8.11118e-09
-75.6779,-101.183,-96.4906,-99.9215,-90.7289
0,0,0,0,0
73.4274,85.1179,81.6008,84.3527,107.665
348.346,286.326,354.248,38.974,348.346
106.573,94.8821,98.3992,95.6473,107.665
302.542,27.87,139.948,209.228,302.542
6
8.11043e-09,1.08492e-08,2.68587e-08,1.57535e-08,2.35407e-08,8.15765e-09
-75.7281,-93.2551,-101.129,-96.4948,-99.9836,-90.7785
0,0,0,0,0,0
73.5257,59.2822,85.0876,81.6048,84.3931,107.561
347.081,331.68,286.456,353.594,38.8353,347.081
106.474,49.8907,94.9124,98.3952,95.6069,107.561
303.113,1.92258,29.5759,142.438,211.202,303.113
7
8.16078e-09,1.07587e-08,2.66923e-08,1.57631e-08,1.12999e-08,2.37088e-08,8.20771e-09
-75.7819,-93.1824,-101.075,-96.5,-93.6087,-100.045,-90.8317
0,0,0,0,0,0,0
73.6302,60.0655,85.0569,81.61,78.2558,84.4329,107.45
345.833,331.43,286.588,352.941,0.454682,38.6986,345.833
106.37,49.4837,94.9431,98.39,101.744,95.5671,107.45
303.701,2.83617,31.2801,144.926,197.415,213.175,303.701
7
8.21467e-09,1.06772e-08,1.06705e-08,2.65261e-08,1.57746e-08,2.38769e-08,8.2613e-09
-75.839,-93.1164,-93.1109,-101.021,-96.5064,-100.107,-90.8882
0,0,0,0,0,0,0
73.7406,60.1026,60.8625,85.0258,81.6162,84.4723,107.334
344.602,332.831,331.18,286.721,352.289,38.5639,344.602
106.259,43.968,49.0776,94.9742,98.3838,95.5277,107.334
304.306,1.6266,3.72288,32.9827,147.414,215.145,304.306
5
8.27205e-09,2.63599e-08,1.57882e-08,2.40452e-08,8.31835e-09
-75.8995,-100.966,-96.5139,-100.168,-90.948
0,0,0,0,0
73.8564,84.9944,81.6234,84.5111,107.211
343.39,286.856,351.638,38.4311,343.39
106.144,95.0056,98.3766,95.4889,107.211
304.929,34.6836,149.901,217.114,304.929
4
8.33282e-09,2.6194e-08,1.58037e-08,2.42137e-08
-75.9631,-100.911,-96.5224,-100.228
0,0,0,0
73.9774,84.9626,81.6317,84.5494
342.195,286.992,350.989,38.3001
106.023,95.0374,98.3683,95.4506
305.57,36.3827,152.387,219.081
4
8.39693e-09,2.60282e-08,1.58213e-08,2.43823e-08
-76.0296,-100.856,-96.532,-100.289
0,0,0,0
74.1029,84.9304,81.6411,84.5872
341.02,287.131,350.34,38.1709
105.897,95.0696,98.3589,95.4128
306.231,38.0801,154.871,221.046
4
8.46429e-09,1.0438e-08,2.58626e-08,2.4551e-08
-76.099,-92.9196,-100.801,-100.349
0,0,0,0
74.2328,62.174,84.8979,84.6245
339.865,333.232,287.271,38.0436
105.767,34.4821,95.1021,95.3755
306.912,356.802,39.7758,223.009
3
8.53482e-09,2.56971e-08,2.47198e-08
-76.1711,-100.745,-100.408
0,0,0
74.3664,84.8649,84.6613
338.73,287.413,37.918
105.634,95.1351,95.3387
307.612,41.4696,224.97
3
8.60846e-09,2.55318e-08,2.48888e-08
-76.2457,-100.689,-100.467
0,0,0
74.5035,84.8316,84.6977
337.615,287.557,37.7941
105.496,95.1684,95.3023
308.333,43.1615,226.93
3
8.68512e-09,1.02061e-08,2.53666e-08
-76.3227,-92.7244,-100.632
0,0,0
74.6437,64.7273,84.7978
336.521,329.376,287.703
105.356,44.3963,95.2022
309.075,357.63,44.8516
3
8.76472e-09,2.52017e-08,2.51645e-08
-76.402,-100.576,-100.563
0,0,0
74.7865,84.7637,84.7559
335.448,287.85,37.5006
105.213,95.2363,95.2441
309.838,46.5397,230.895
4
8.84718e-09,1.01295e-08,2.50369e-08,2.53339e-08
-76.4833,-92.659,-100.519,-100.621
0,0,0,0
74.9317,65.9131,84.7291,84.7911
334.396,328.481,288,37.3817
105.068,44.7568,95.2709,95.2089
310.622,354.381,48.2259,232.85
3
8.93242e-09,2.48723e-08,2.55034e-08
-76.5666,-100.462,-100.679
0,0,0
75.0789,84.6941,84.8258
333.365,288.152,37.2644
104.921,95.3059,95.1742
311.427,49.9101,234.803
4
9.02037e-09,1.00821e-08,2.47079e-08,2.5673e-08
-76.6517,-92.6183,-100.404,-100.737
0,0,0,0
75.2277,67.2192,84.6587,84.8601
332.356,327.653,288.305,37.1487
104.772,44.939,95.3413,95.1399
312.253,351.281,51.5922,236.754
3
9.11094e-09,1.007e-08,2.45436e-08
-76.7385,-92.6078,-100.346
0,0,0
75.3778,67.7334,84.6229
331.367,327.338,288.461
104.622,44.926,95.3771
313.101,348.054,53.2723
3
9.20406e-09,1.00656e-08,2.43796e-08
-76.8268,-92.604,-100.288
0,0,0
75.529,68.6292,84.5866
330.4,326.83,288.619
104.471,44.9012,95.4134
313.969,348.457,54.9502
2
9.29965e-09,2.42158e-08
-76.9166,-100.229
0,0
75.6809,84.5499
329.454,288.779
104.319,95.4501
314.858,56.626
3
9.39763e-09,1.00821e-08,2.40521e-08
-77.0076,-92.6182,-100.17
0,0,0
75.8334,69.7003,84.5127
328.528,325.715,288.941
104.167,47.8201,95.4873
315.768,343.827,58.2996
3
9.49794e-09,1.01025e-08,2.38887e-08
-77.0998,-92.6358,-100.111
0,0,0
75.9861,70.3964,84.475
327.623,325.452,289.106
104.014,46.9558,95.525
316.699,341.038,59.9709
2
9.6005e-09,3.01335e-08
-77.1931,-102.128
0,0
76.1388,85.6225
326.738,350.203
103.861,94.3775
317.65,180.709
4
9.70523e-09,1.017e-08,2.34374e-08,3.01531e-08
-77.2873,-92.6936,-99.9454,-102.134
0,0,0,0
76.2913,71.623,84.3683,85.6254
325.873,324.121,289.55,349.866
103.709,50.5868,95.6317,94.3746
318.621,339.902,63.1977,182.882
3
9.81208e-09,2.32747e-08,3.01737e-08
-77.3824,-99.8849,-102.14
0,0,0
76.4434,84.3288,85.6284
325.028,289.723,349.53
103.557,95.6712,94.3716
319.612,64.8604,185.054
3
9.92096e-09,2.31123e-08,3.01954e-08
-77.4783,-99.8241,-102.146
0,0,0
76.595,84.2888,85.6315
324.202,289.899,349.194
103.405,95.7112,94.3685
320.622,66.5205,187.226
3
1.00318e-08,2.29501e-08,3.02181e-08
-77.5748,-99.7629,-102.153
0,0,0
76.7459,84.2483,85.6348
323.396,290.077,348.858
103.254,95.7517,94.3652
321.651,68.1782,189.397
3
1.01446e-08,2.27881e-08,3.02419e-08
-77.6719,-99.7014,-102.159
0,0,0
76.8958,84.2073,85.6382
322.608,290.258,348.523
103.104,95.7927,94.3618
322.699,69.8334,191.568
3
1.01446e-08,2.27881e-08,3.02419e-08
-77.6719,-99.7014,-102.159
0,0,0
76.8958,84.2073,85.6382
322.608,290.258,348.523
103.104,95.7927,94.3618
322.699,69.8334,191.568
3
1.00392e-08,2.27414e-08,3.03754e-08
-77.5812,-99.6836,-102.198
0,0,0
76.7558,84.1953,85.6575
322.122,289.933,348.574
103.244,95.8047,94.3425
324.049,71.9939,193.353
3
9.93458e-09,2.26954e-08,3.0509e-08
-77.4902,-99.666,-102.236
0,0,0
76.6137,84.1835,85.6765
321.624,289.607,348.625
103.386,95.8165,94.3235
325.387,74.1557,195.138
3
9.83075e-09,2.27754e-08,3.06426e-08
-77.399,-99.6965,-102.274
0,0,0
76.4697,84.204,85.6954
321.116,289.168,348.676
103.53,95.796,94.3046
326.714,76.4302,196.923
3
9.72773e-09,2.27311e-08,3.07763e-08
-77.3075,-99.6796,-102.312
0,0,0
76.3236,84.1927,85.7141
320.595,288.841,348.726
103.676,95.8073,94.2859
328.03,78.593,198.709
4
9.62554e-09,2.26876e-08,3.091e-08,2.76948e-08
-77.2157,-99.663,-102.349,-101.395
0,0,0,0
76.1756,84.1815,85.7327,85.2362
320.064,288.513,348.776,37.3586
103.824,95.8185,94.2673,94.7638
329.334,80.7572,200.495,265.917
4
9.52423e-09,2.26448e-08,3.10436e-08,2.77266e-08
-77.1238,-99.6466,-102.387,-101.405
0,0,0,0
76.0255,84.1705,85.7511,85.2417
319.52,288.183,348.825,37.6343
103.974,95.8295,94.2489,94.7583
330.626,82.9226,202.281,267.477
4
9.4238e-09,2.26027e-08,3.11774e-08,2.7759e-08
-77.0317,-99.6304,-102.424,-101.415
0,0,0,0
75.8735,84.1596,85.7694,85.2473
318.963,287.853,348.874,37.9094
104.126,95.8404,94.2306,94.7527
331.905,85.0893,204.068,269.038
4
9.3243e-09,2.25614e-08,3.13111e-08,2.7792e-08
-76.9395,-99.6145,-102.461,-101.426
0,0,0,0
75.7196,84.1489,85.7875,85.2529
318.395,287.521,348.922,38.1838
104.28,95.8511,94.2125,94.7471
333.172,87.2572,205.856,270.599
4
9.22575e-09,2.25208e-08,3.14449e-08,2.78257e-08
-76.8473,-99.5989,-102.498,-101.436
0,0,0,0
75.5638,84.1383,85.8054,85.2587
317.813,287.187,348.97,38.4576
104.436,95.8617,94.1946,94.7413
334.426,89.4263,207.643,272.161
4
9.12818e-09,2.24811e-08,3.15787e-08,2.786e-08
-76.7549,-99.5836,-102.535,-101.447
0,0,0,0
75.4061,84.1279,85.8232,85.2645
317.217,286.853,349.018,38.7307
104.594,95.8721,94.1768,94.7355
335.667,91.5966,209.432,273.724
5
9.03162e-09,9.44668e-09,2.2442e-08,3.17125e-08,2.7895e-08
-76.6625,-92.0528,-99.5685,-102.572,-101.458
0,0,0,0,0
75.2465,71.5924,84.1176,85.8409,85.2705
316.608,316.335,286.517,349.065,39.0031
104.753,34.8192,95.8824,94.1591,94.7295
336.893,343.601,93.7681,211.22,275.288
5
8.93611e-09,9.38488e-09,2.24038e-08,3.18463e-08,2.79305e-08
-76.5702,-91.9958,-99.5536,-102.608,-101.469
0,0,0,0,0
75.0852,71.1497,84.1076,85.8584,85.2765
315.985,315.707,286.18,349.112,39.2748
104.915,34.2731,95.8924,94.1416,94.7235
338.106,344.551,95.9408,213.009,276.852
4
8.84168e-09,2.23663e-08,3.19802e-08,2.79667e-08
-76.4779,-99.5391,-102.645,-101.48
0,0,0,0
74.9221,84.0976,85.8758,85.2826
315.348,285.842,349.158,39.5459
105.078,95.9024,94.1242,94.7174
339.305,98.1146,214.799,278.416
5
8.74837e-09,9.27481e-09,2.23295e-08,3.21141e-08,2.80035e-08
-76.3858,-91.8933,-99.5248,-102.681,-101.491
0,0,0,0,0
74.7574,70.5183,84.0879,85.893,85.2888
314.696,314.637,285.503,349.204,39.8162
105.243,28.6952,95.9121,94.107,94.7112
340.489,342.026,100.29,216.589,279.982
6
8.65621e-09,9.22629e-09,9.22831e-09,2.22936e-08,3.2248e-08,2.80409e-08
-76.2938,-91.8478,-91.8497,-99.5108,-102.717,-101.503
0,0,0,0,0,0
74.5911,70.4166,70.006,84.0783,85.9101,85.2951
314.029,313.632,313.989,285.163,349.249,40.0858
105.409,23.8362,28.1632,95.9217,94.0899,94.7049
341.657,354.303,342.618,102.466,218.379,281.548
4
8.56524e-09,2.22584e-08,3.23819e-08,2.8079e-08
-76.202,-99.4971,-102.753,-101.515
0,0,0,0
74.4234,84.0689,85.927,85.3015
313.347,284.821,349.295,40.3546
105.577,95.9311,94.073,94.6985
342.811,104.643,220.169,283.115
5
8.4755e-09,9.14885e-09,2.2224e-08,3.25159e-08,2.81176e-08
-76.1105,-91.7746,-99.4837,-102.789,-101.527
0,0,0,0,0
74.2542,69.3612,84.0597,85.9438,85.308
312.649,312.853,284.479,349.34,40.6228
105.746,22.295,95.9403,94.0562,94.692
343.948,338.057,106.821,221.96,284.683
4
8.38702e-09,2.21905e-08,3.26499e-08,2.81569e-08
-76.0194,-99.4705,-102.825,-101.539
0,0,0,0
74.0837,84.0507,85.9605,85.3146
311.934,284.135,349.384,40.8901
105.916,95.9493,94.0395,94.6854
345.07,109,223.752,286.251
5
8.29985e-09,2.21577e-08,3.27839e-08,1.59358e-08,2.81967e-08
-75.9286,-99.4577,-102.86,-96.5947,-101.551
0,0,0,0,0
73.912,84.0419,85.977,81.7016,85.3212
311.204,283.791,349.428,0.258995,41.1568
106.088,95.9581,94.023,98.2984,94.6788
346.175,111.181,225.543,274.714,287.82
5
8.21403e-09,2.21257e-08,3.29179e-08,1.60044e-08,2.82372e-08
-75.8383,-99.4451,-102.896,-96.632,-101.564
0,0,0,0,0
73.7393,84.0332,85.9934,81.7374,85.3279
310.457,283.445,349.472,0.686046,41.4226
106.261,95.9668,94.0066,98.2626,94.6721
347.264,113.362,227.335,276.123,289.39
4
8.1296e-09,2.20944e-08,3.3052e-08,2.82783e-08
-75.7486,-99.4329,-102.931,-101.576
0,0,0,0
73.5656,84.0248,86.0097,85.3347
309.693,283.099,349.515,41.6877
106.434,95.9752,93.9903,94.6653
348.336,115.545,229.128,290.961
4
8.04661e-09,2.2064e-08,3.3186e-08,2.83199e-08
-75.6595,-99.4209,-102.966,-101.589
0,0,0,0
73.3912,84.0165,86.0259,85.3416
308.911,282.751,349.558,41.952
106.609,95.9835,93.9741,94.6584
349.39,117.728,230.921,292.532
4
7.96509e-09,2.1905e-08,3.33201e-08,2.83622e-08
-75.571,-99.3581,-103.001,-101.602
0,0,0,0
73.2163,83.9729,86.0419,85.3486
308.112,282.478,349.601,42.2156
106.784,96.0271,93.9581,94.6514
350.427,119.837,232.714,294.105
4
7.88511e-09,2.1876e-08,3.34542e-08,2.84051e-08
-75.4834,-99.3466,-103.036,-101.615
0,0,0,0
73.0409,83.9649,86.0578,85.3556
307.295,282.126,349.643,42.4783
106.959,96.0351,93.9422,94.6444
351.446,122.024,234.507,295.678
4
7.80669e-09,2.18479e-08,3.35884e-08,2.84485e-08
-75.3966,-99.3354,-103.071,-101.628
0,0,0,0
72.8653,83.9571,86.0735,85.3627
306.46,281.774,349.685,42.7402
107.135,96.0429,93.9265,94.6373
352.447,124.212,236.301,297.252
4
7.7299e-09,2.18205e-08,3.37225e-08,2.84926e-08
-75.3107,-99.3245,-103.106,-101.642
0,0,0,0
72.6897,83.9495,86.0892,85.3699
305.607,281.421,349.727,43.0013
107.31,96.0505,93.9108,94.6301
353.429,126.401,238.095,298.826
4
7.65478e-09,2.19242e-08,3.38567e-08,2.85372e-08
-75.2259,-99.3657,-103.14,-101.655
0,0,0,0
72.5144,83.9782,86.1047,85.3771
304.735,280.999,349.768,43.2616
107.486,96.0218,93.8953,94.6229
354.393,128.659,239.89,300.402
4
7.58137e-09,2.18987e-08,3.39909e-08,2.85824e-08
-75.1422,-99.3556,-103.174,-101.669
0,0,0,0
72.3396,83.9711,86.1201,85.3845
303.844,280.646,349.809,43.5211
107.66,96.0289,93.8799,94.6155
355.338,130.847,241.684,301.978
4
7.50974e-09,2.17435e-08,3.41251e-08,2.86282e-08
-75.0597,-99.2938,-103.209,-101.683
0,0,0,0
72.1655,83.928,86.1354,85.3919
302.934,280.356,349.85,43.7797
107.835,96.072,93.8646,94.6081
356.264,132.974,243.479,303.555
4
7.43993e-09,2.17195e-08,3.42593e-08,2.86746e-08
-74.9786,-99.2842,-103.243,-101.697
0,0,0,0
71.9924,83.9212,86.1506,85.3993
302.005,279.999,349.89,44.0375
108.008,96.0788,93.8494,94.6007
357.171,135.166,245.275,305.133
4
7.37199e-09,2.16963e-08,3.43936e-08,2.87215e-08
-74.8989,-99.2749,-103.277,-101.711
0,0,0,0
71.8207,83.9147,86.1656,85.4069
301.057,279.642,349.931,44.2945
108.179,96.0853,93.8344,94.5931
358.058,137.36,247.071,306.712
4
7.30597e-09,2.1674e-08,3.45279e-08,2.87691e-08
-74.8208,-99.266,-103.311,-101.726
0,0,0,0
71.6506,83.9084,86.1805,85.4145
300.09,279.283,349.97,44.5506
108.349,96.0916,93.8195,94.5855
358.927,139.554,248.867,308.292
4
7.24193e-09,2.17835e-08,3.46621e-08,2.88172e-08
-74.7443,-99.3098,-103.344,-101.74
0,0,0,0
71.4825,83.9391,86.1954,85.4222
299.103,278.87,350.01,44.8059
108.518,96.0609,93.8046,94.5778
359.776,141.803,250.663,309.872
4
7.17993e-09,2.17629e-08,3.47965e-08,2.88658e-08
-74.6696,-99.3016,-103.378,-101.755
0,0,0,0
71.3167,83.9334,86.2101,85.4299
298.097,278.512,350.049,45.0603
108.683,96.0666,93.7899,94.5701
0.605836,143.996,252.46,311.454
4
7.12e-09,2.17432e-08,3.49308e-08,2.8915e-08
-74.5968,-99.2937,-103.411,-101.77
0,0,0,0
71.1535,83.9279,86.2247,85.4377
297.072,278.154,350.088,45.3138
108.846,96.0721,93.7753,94.5623
1.41646,146.19,254.257,313.036
4
7.06222e-09,2.17244e-08,3.50651e-08,2.89648e-08
-74.526,-99.2862,-103.445,-101.785
0,0,0,0
70.9934,83.9226,86.2391,85.4455
296.028,277.795,350.126,45.5665
109.007,96.0774,93.7609,94.5545
2.20798,148.385,256.054,314.619
4
7.00662e-09,2.17064e-08,3.51995e-08,2.90152e-08
-74.4574,-99.279,-103.478,-101.8
0,0,0,0
70.8367,83.9175,86.2535,85.4535
294.965,277.436,350.164,45.8183
109.163,96.0825,93.7465,94.5465
2.98058,150.58,257.852,316.203
3
6.95326e-09,2.16892e-08,3.53339e-08
-74.391,-99.2721,-103.511
0,0,0
70.6839,83.9127,86.2678
293.883,277.076,350.202
109.316,96.0873,93.7322
3.73449,152.776,259.649
2
6.9022e-09,2.16729e-08
-74.327,-99.2656
0,0
70.5352,83.9081
292.782,276.715
109.465,96.0919
4.47,154.972
2
6.85349e-09,2.16574e-08
-74.2655,-99.2594
0,0
70.3912,83.9037
291.664,276.354
109.609,96.0963
5.18747,157.169
2
6.80717e-09,2.16428e-08
-74.2065,-99.2535
0,0
70.2523,83.8996
290.528,275.992
109.748,96.1004
5.88733,159.367
2
6.76329e-09,2.16291e-08
-74.1504,-99.248
0,0
70.1188,83.8957
289.375,275.63
109.881,96.1043
6.57007,161.565
2
6.72191e-09,2.16162e-08
-74.0971,-99.2428
0,0
69.9912,83.8921
288.205,275.268
110.009,96.1079
7.23627,163.763
2
6.68306e-09,2.16041e-08
-74.0467,-99.2379
0,0
69.8699,83.8886
287.02,274.905
110.13,96.1114
7.88654,165.962
2
6.6468e-09,2.15929e-08
-73.9995,-99.2334
0,0
69.7553,83.8855
285.819,274.541
110.245,96.1145
8.52161,168.161
2
6.61317e-09,2.15826e-08
-73.9554,-99.2293
0,0
69.6477,83.8825
284.604,274.178
110.352,96.1175
9.14224,170.361
2
6.5822e-09,2.15731e-08
-73.9146,-99.2255
0,0
69.5477,83.8798
283.375,273.814
110.452,96.1202
9.7493,172.56
2
6.55394e-09,2.15645e-08
-73.8773,-99.222
0,0
69.4555,83.8774
282.134,273.449
110.544,96.1226
10.3437,174.761
4
6.52841e-09,2.15568e-08,6.58698e-09,1.14726e-08
-73.8434,-99.2189,-88.921,-93.7404
0,0,0,0
69.3716,83.8752,111.942,78.4351
280.881,273.085,280.881,269.42
110.628,96.1248,111.942,101.565
10.9264,176.961,10.9264,153.432
