0.010000
0.595598
0.612985
0.619926
0.623372
0.626140
0.628636
0.630845
0.632774
0.634263
0.635642
0.636873
0.638061
0.639181
0.640278
0.641525
0.642702
0.644071
0.645263
0.646657
0.648062
0.649430
0.650710
0.651833
0.652843
0.653693
0.654480
0.655210
0.655873
0.656442
0.656998
0.657557
0.658046
0.658526
0.659003
0.659478
0.659969
0.660452
0.660909
0.661326
0.661731
0.662153
0.662576
0.663003
0.663417
0.663823
0.664219
0.664616
0.665023
0.665431
0.665842
0.666275
0.666720
0.667138
0.667561
0.667995
0.668461
0.668953
0.669489
0.669980
0.670468
0.670958
0.671488
0.672025
0.672557
0.673072
0.673582
0.674121
0.674680
0.675224
0.675842
0.676455
0.677097
0.677749
0.678398
0.679059
0.679745
0.680473
0.681255
0.682020
0.682923
0.683831
0.684872
0.686162
0.687397
0.688683
0.690150
0.691633
0.693023
0.694577
0.695980
0.697272
0.698534
0.699723
0.701054
0.702257
0.703862
0.705837
0.708499
0.713571
0.722794
0.737109