0.010000
2.977991
3.064924
3.099631
3.116862
3.130701
3.143181
3.154223
3.163871
3.171317
3.178210
3.184365
3.190305
3.195906
3.201391
3.207626
3.213511
3.220356
3.226315
3.233286
3.240308
3.247152
3.253551
3.259163
3.264214
3.268466
3.272401
3.276052
3.279367
3.282212
3.284989
3.287786
3.290230
3.292630
3.295013
3.297390
3.299843
3.302261
3.304544
3.306630
3.308654
3.310763
3.312881
3.315017
3.317083
3.319113
3.321095
3.323078
3.325114
3.327155
3.329209
3.331373
3.333600
3.335691
3.337807
3.339976
3.342304
3.344763
3.347443
3.349900
3.352338
3.354790
3.357442
3.360127
3.362787
3.365358
3.367911
3.370606
3.373400
3.376122
3.379208
3.382273
3.385483
3.388745
3.391988
3.395293
3.398724
3.402364
3.406274
3.410098
3.414616
3.419157
3.424362
3.430811
3.436987
3.443414
3.450752
3.458163
3.465115
3.472884
3.479898
3.486362
3.492670
3.498615
3.505270
3.511287
3.519311
3.529186
3.542496
3.567855
3.613972
3.685543