0.010000
0.119120
0.122597
0.123985
0.124674
0.125228
0.125727
0.126169
0.126555
0.126853
0.127128
0.127375
0.127612
0.127836
0.128056
0.128305
0.128540
0.128814
0.129053
0.129331
0.129612
0.129886
0.130142
0.130367
0.130569
0.130739
0.130896
0.131042
0.131175
0.131288
0.131400
0.131511
0.131609
0.131705
0.131801
0.131896
0.131994
0.132090
0.132182
0.132265
0.132346
0.132431
0.132515
0.132601
0.132683
0.132765
0.132844
0.132923
0.133005
0.133086
0.133168
0.133255
0.133344
0.133428
0.133512
0.133599
0.133692
0.133791
0.133898
0.133996
0.134094
0.134192
0.134298
0.134405
0.134511
0.134614
0.134716
0.134824
0.134936
0.135045
0.135168
0.135291
0.135419
0.135550
0.135680
0.135812
0.135949
0.136095
0.136251
0.136404
0.136585
0.136766
0.136974
0.137232
0.137479
0.137737
0.138030
0.138327
0.138605
0.138915
0.139196
0.139454
0.139707
0.139945
0.140211
0.140451
0.140772
0.141167
0.141700
0.142714
0.144559
0.147422