0.010000
0.297799
0.306492
0.309963
0.311686
0.313070
0.314318
0.315422
0.316387
0.317132
0.317821
0.318437
0.319030
0.319591
0.320139
0.320763
0.321351
0.322036
0.322631
0.323329
0.324031
0.324715
0.325355
0.325916
0.326421
0.326847
0.327240
0.327605
0.327937
0.328221
0.328499
0.328779
0.329023
0.329263
0.329501
0.329739
0.329984
0.330226
0.330454
0.330663
0.330865
0.331076
0.331288
0.331502
0.331708
0.331911
0.332110
0.332308
0.332511
0.332716
0.332921
0.333137
0.333360
0.333569
0.333781
0.333998
0.334230
0.334476
0.334744
0.334990
0.335234
0.335479
0.335744
0.336013
0.336279
0.336536
0.336791
0.337061
0.337340
0.337612
0.337921
0.338227
0.338548
0.338875
0.339199
0.339529
0.339872
0.340236
0.340627
0.341010
0.341462
0.341916
0.342436
0.343081
0.343699
0.344341
0.345075
0.345816
0.346511
0.347288
0.347990
0.348636
0.349267
0.349861
0.350527
0.351129
0.351931
0.352919
0.354250
0.356785
0.361397
0.368554