0.010000
29.779911
30.649240
30.996311
31.168624
31.307014
31.431813
31.542235
31.638714
31.713169
31.782100
31.843655
31.903048
31.959060
32.013908
32.076259
32.135112
32.203563
32.263149
32.332859
32.403076
32.471520
32.535510
32.591629
32.642141
32.684660
32.724015
32.760519
32.793670
32.822122
32.849888
32.877860
32.902298
32.926304
32.950134
32.973903
32.998433
33.022607
33.045437
33.066305
33.086539
33.107634
33.128810
33.150166
33.170832
33.191126
33.210953
33.230783
33.251136
33.271553
33.292087
33.313725
33.336004
33.356909
33.378069
33.399758
33.423044
33.447632
33.474429
33.499002
33.523376
33.547900
33.574417
33.601269
33.627870
33.653576
33.679106
33.706061
33.734002
33.761219
33.792080
33.822728
33.854825
33.887453
33.919884
33.952925
33.987236
34.023637
34.062741
34.100982
34.146161
34.191570
34.243625
34.308107
34.369867
34.434139
34.507519
34.581629
34.651147
34.728835
34.798980
34.863617
34.926702
34.986146
35.052704
35.112866
35.193110
35.291863
35.424965
35.678546
36.139720
36.855428