0.002000
2272
2355
2420
2520
2535
2545
2576
2606
2636
2663
2678
2693
2735
2752
2774
2804
2811
2819
2834
2849
2873
2888
2903
2918
2928
2934
2940
2949
2959
2969
2978
2984
2990
3002
3016
3020
3024
3028
3036
3046
3054
3061
3072
3091
3139
3158
3165
3192
3207
3231
3244
3252
3259
3265
3271
3277
3299
3304
3308
3312
3318
3324
3330
3335
3340
3345
3352
3362
3369
3374
3379
3385
3392
3400
3404
3407
3411
3414
3417
3422
3428
3434
3438
3442
3445
3449
3452
3456
3462
3468
3476
3486
3492
3496
3499
3503
3507
3514
3522
3526
3529
3532
3535
3537
3540
3543
3547
3552
3556
3560
3565
3571
3576
3580
3584
3587
3591
3595
3599
3602
3606
3610
3614
3617
3620
3623
3626
3629
3632
3637
3642
3647
3652
3656
3660
3665
3668
3670
3673
3675
3678
3680
3683
3686
3690
3694
3698
3701
3706
3711
3716
3721
3725
3730
3734
3737
3740
3742
3744
3746
3748
3750
3752
3755
3758
3761
3764
3767
3770
3773
3777
3781
3784
3788
3792
3797
3801
3805
3809
3811
3814
3816
3819
3821
3824
3827
3831
3834
3838
3842
3846
3849
3853
3857
3861
3863
3866
3868
3871
3873
3876
3878
3880
3882
3884
3886
3888
3890
3892
3894
3896
3899
3902
3905
3907
3910
3913
3917
3921
3926
3930
3934
3938
3941
3945
3949
3951
3954
3957
3960
3962
3965
3968
3971
3974
3977
3980
3983
3987
3991
3994
3998
4002
4005
4009
4012
4015
4019
4022
4026
4030
4034
4037
4039
4042
4044
4046
4049
4051
4053
4057
4062
4067
4072
4075
4077
4080
4082
4085
4087
4090
4094
4098
4103
4107
4109
4111
4113
4115
4117
4119
4121
4123
4125
4127
4129
4131
4133
4135
4136
4138
4140
4142
4145
4147
4150
4153
4156
4158
4162
4165
4169
4173
4177
4179
4181
4183
4184
4186
4188
4190
4191
4193
4195
4199
4203
4207
4212
4215
4218
4220
4223
4226
4229
4231
4234
4237
4240
4242
4245
4248
4254
4262
4268
4273
4278
4283
4287
4290
4293
4297
4300
4303
4305
4308
4310
4313
4315
4318
4321
4323
4326
4328
4331
4333
4336
4338
4340
4342
4344
4346
4348
4350
4352
4354
4360
4368
4373
4376
4379
4382
4385
4388
4394
4402
4408
4413
4417
4421
4426
4431
4436
4441
4445
4448
4451
4454
4457
4460
4464
4468
4472
4477
4481
4486
4491
4498
4508
4515
4520
4525
4530
4571
4587
4601
4609
4617
4621
4623
4626
4628
4631
4633
4636
4639
4644
4648
4652
4658
4666
4673
4678
4683
4688
4691
4693
4696
4698
4700
4703
4705
4707
4710
4713
4716
4718
4721
4724
4729
4735
4741
4748
4755
4761
4765
4768
4771
4775
4778
4783
4787
4791
4796
4811
4817
4821
4825
4830
4836
4844
4860
4874
4884
4894
4910
4930
4941
4948
4956
4962
4968
4976
4991
5001
5010
5017
5025
5032
5040
5048
5055
5081
5091
5113
5123
5134
5149
5164
5206
5221
5236
5295
5331
5396
5406
5527
5593
5640
5706
5784
5784