0.002000
2716
2738
2820
2938
2955
3027
3143
3199
3225
3277
3368
3388
3405
3416
3426
3438
3455
3471
3484
3497
3507
3518
3528
3536
3545
3554
3592
3617
3627
3637
3648
3658
3669
3679
3690
3700
3711
3721
3732
3766
3779
3793
3800
3806
3812
3818
3823
3834
3847
3858
3867
3876
3885
3895
3905
3916
3926
3937
3947
3953
3960
3966
3973
3983
3996
4013
4037
4044
4052
4059
4067
4080
4094
4101
4108
4114
4121
4128
4135
4143
4150
4158
4165
4173
4180
4187
4193
4199
4205
4210
4216
4222
4228
4234
4240
4245
4251
4256
4261
4266
4272
4278
4288
4299
4308
4313
4318
4323
4328
4334
4341
4350
4359
4369
4386
4461
4471
4481
4490
4498
4505
4513
4518
4523
4527
4531
4536
4540
4545
4550
4557
4564
4570
4576
4581
4586
4591
4595
4600
4605
4611
4618
4624
4631
4637
4642
4647
4651
4656
4661
4666
4671
4676
4681
4686
4692
4697
4704
4710
4717
4723
4729
4734
4740
4745
4750
4755
4763
4770
4778
4785
4790
4794
4798
4803
4807
4812
4816
4822
4828
4833
4839
4845
4855
4865
4876
4880
4885
4889
4893
4898
4902
4907
4916
4924
4933
4940
4947
4954
4960
4967
4974
4982
4989
4996
5001
5006
5011
5015
5020
5025
5030
5035
5041
5046
5051
5057
5065
5074
5083
5089
5094
5100
5105
5110
5115
5123
5130
5138
5145
5151
5156
5161
5166
5172
5177
5183
5189
5194
5200
5206
5213
5219
5226
5232
5239
5247
5254
5262
5269
5275
5282
5288
5295
5300
5304
5308
5313
5317
5321
5326
5331
5335
5340
5345
5350
5354
5359
5364
5369
5373
5378
5383
5390
5400
5411
5421
5432
5442
5450
5457
5463
5470
5476
5484
5491
5499
5506
5512
5518
5524
5530
5535
5548
5561
5569
5574
5580
5585
5590
5595
5601
5606
5611
5616
5622
5627
5631
5635
5639
5643
5647
5651
5655
5659
5664
5669
5674
5678
5683
5688
5692
5696
5700
5704
5708
5712
5716
5793
5808
5817
5826
5834
5841
5848
5854
5861
5867
5871
5876
5880
5884
5889
5893
5899
5906
5914
5921
5928
5932
5936
5941
5945
5949
5954
5959
5966
5972
5979
5985
5991
5996
6001
6006
6012
6018
6028
6039
6048
6054
6059
6065
6071
6077
6083
6089
6094
6100
6106
6115
6123
6132
6139
6143
6148
6153
6158
6163
6169
6179
6190
6199
6205
6212
6218
6225
6232
6240
6247
6255
6263
6272
6281
6291
6304
6317
6322
6328
6334
6340
6346
6356
6366
6376
6382
6388
6394
6400
6406
6411
6416
6421
6427
6432
6437
6443
6449
6455
6460
6466
6474
6481
6489
6496
6503
6509
6516
6522
6531
6541
6552
6562
6573
6583
6598
6616
6626
6637
6648
6666
6683
6701
6718
6736
6749
6762
6772
6781
6790
6799
6812
6825
6834
6843
6852
6883
6923
6940
6955
6968
7011
7024
7128
7154
7222
7240
7257
7275
7300
7341
7367
7385
7401
7414
7427
7453
7540
7566
7592
7678
7743
7836
7917
7934
8012
8155
8357
8499
8619
8664
8686