0.002000
1549
1727
1880
1935
1972
2012
2054
2099
2120
2135
2155
2181
2203
2223
2239
2254
2272
2290
2305
2319
2333
2347
2362
2382
2397
2413
2425
2435
2446
2456
2468
2481
2496
2510
2522
2532
2541
2552
2562
2569
2577
2585
2595
2604
2612
2621
2632
2643
2649
2655
2661
2669
2677
2685
2694
2702
2710
2718
2724
2729
2733
2738
2743
2749
2755
2761
2767
2773
2779
2786
2792
2798
2804
2810
2816
2822
2828
2834
2839
2844
2850
2856
2861
2866
2871
2876
2881
2886
2891
2896
2901
2906
2910
2915
2920
2925
2929
2934
2938
2942
2947
2952
2957
2962
2967
2971
2975
2979
2983
2987
2991
2995
2999
3002
3006
3010
3014
3018
3021
3025
3029
3033
3037
3042
3046
3058
3128
3134
3140
3145
3149
3153
3156
3159
3163
3166
3169
3173
3177
3180
3184
3188
3191
3195
3198
3202
3205
3208
3212
3215
3218
3221
3224
3227
3230
3233
3236
3239
3242
3245
3249
3252
3256
3259
3263
3266
3270
3273
3276
3279
3282
3285
3288
3291
3295
3299
3303
3307
3310
3313
3316
3319
3322
3325
3328
3331
3334
3338
3341
3345
3348
3352
3354
3357
3360
3363
3366
3369
3372
3375
3377
3380
3383
3386
3389
3391
3394
3397
3400
3403
3406
3408
3411
3415
3418
3422
3425
3429
3432
3435
3438
3441
3444
3447
3450
3453
3456
3459
3463
3466
3469
3472
3476
3479
3482
3485
3488
3492
3495
3498
3501
3504
3507
3510
3513
3516
3518
3521
3523
3526
3529
3531
3534
3537
3539
3542
3545
3548
3550
3553
3556
3559
3562
3565
3569
3572
3575
3578
3581
3584
3587
3590
3593
3596
3599
3602
3605
3607
3610
3613
3616
3620
3623
3626
3629
3632
3635
3638
3641
3643
3646
3649
3652
3654
3658
3661
3664
3667
3670
3673
3676
3680
3683
3687
3690
3694
3697
3700
3703
3706
3709
3712
3715
3718
3721
3724
3726
3729
3732
3734
3738
3741
3744
3747
3750
3753
3757
3760
3763
3767
3770
3773
3777
3780
3784
3787
3790
3794
3797
3800
3803
3806
3809
3812
3815
3818
3821
3825
3828
3831
3834
3838
3843
3847
3852
3856
3860
3863
3867
3870
3874
3878
3881
3885
3889
3893
3897
3900
3904
3907
3910
3914
3917
3921
3925
3929
3933
3937
3940
3943
3946
3950
3953
3956
3960
3964
3968
3972
3976
3979
3983
3987
3991
3994
3998
4002
4006
4010
4014
4019
4023
4027
4032
4036
4040
4044
4049
4053
4057
4061
4066
4071
4075
4080
4085
4090
4095
4100
4104
4109
4114
4119
4125
4132
4138
4144
4150
4155
4161
4167
4173
4179
4185
4191
4196
4202
4207
4212
4217
4223
4231
4238
4244
4249
4254
4259
4265
4271
4277
4284
4292
4299
4306
4312
4319
4327
4337
4345
4352
4358
4365
4372
4380
4465
4479
4491
4502
4509
4516
4522
4531
4541
4555
4568
4579
4590
4601
4614
4630
4645
4662
4676
4689
4702
4720
4739
4765
4783
4811
4834
4858
4913
4942
4984
5056
5128
5177
5253
5317
5428
5576