0.002000
874
961
977
989
1000
1017
1032
1043
1051
1059
1068
1076
1085
1094
1101
1109
1117
1125
1135
1147
1157
1165
1176
1188
1195
1202
1208
1214
1220
1225
1230
1234
1239
1244
1251
1258
1268
1278
1285
1292
1298
1304
1310
1316
1322
1328
1334
1337
1340
1343
1346
1349
1353
1358
1362
1367
1372
1375
1379
1383
1386
1390
1394
1399
1403
1407
1411
1414
1418
1422
1425
1429
1432
1436
1440
1443
1448
1453
1458
1463
1466
1470
1473
1477
1481
1484
1487
1490
1493
1496
1499
1501
1504
1506
1508
1511
1513
1515
1518
1520
1522
1525
1527
1529
1532
1534
1537
1540
1543
1545
1548
1551
1554
1557
1560
1562
1565
1568
1571
1573
1575
1576
1578
1580
1582
1583
1585
1587
1588
1590
1593
1596
1599
1602
1605
1608
1610
1612
1614
1616
1618
1619
1621
1623
1625
1627
1629
1631
1632
1634
1636
1638
1640
1641
1643
1645
1647
1649
1651
1653
1655
1657
1659
1660
1662
1664
1666
1667
1669
1670
1672
1673
1674
1676
1677
1679
1680
1682
1683
1685
1687
1689
1691
1692
1694
1696
1698
1700
1701
1704
1706
1709
1711
1713
1716
1718
1721
1727
1732
1737
1798
1804
1810
1813
1814
1815
1817
1818
1820
1821
1823
1824
1826
1827
1829
1830
1832
1834
1836
1838
1840
1842
1844
1846
1848
1849
1851
1852
1854
1856
1857
1859
1860
1862
1863
1865
1866
1868
1870
1872
1873
1875
1877
1879
1881
1882
1884
1886
1887
1889
1890
1892
1893
1895
1896
1898
1899
1901
1903
1904
1906
1908
1910
1911
1913
1915
1917
1919
1920
1922
1924
1926
1928
1929
1931
1933
1934
1936
1938
1940
1941
1942
1944
1945
1946
1948
1949
1950
1951
1953
1954
1955
1957
1958
1960
1961
1963
1965
1967
1969
1971
1973
1974
1976
1978
1980
1982
1984
1986
1988
1990
1992
1994
1996
1998
2000
2002
2004
2006
2008
2010
2012
2014
2016
2018
2020
2022
2024
2026
2028
2030
2032
2034
2035
2037
2039
2040
2042
2043
2045
2047
2048
2050
2052
2054
2056
2059
2061
2063
2066
2068
2070
2073
2075
2077
2079
2081
2083
2086
2088
2090
2091
2093
2095
2097
2099
2101
2102
2104
2107
2110
2113
2116
2120
2123
2126
2128
2130
2132
2134
2136
2138
2140
2143
2146
2150
2153
2156
2160
2164
2167
2171
2175
2179
2181
2184
2186
2189
2191
2194
2196
2199
2203
2206
2210
2213
2217
2221
2225
2229
2232
2236
2240
2244
2248
2252
2258
2264
2270
2275
2280
2285
2291
2299
2307
2314
2321
2328
2335
2343
2350
2357
2365
2376
2385
2392
2399
2407
2416
2423
2431
2439
2447
2456
2466
2475
2482
2490
2503
2515
2524
2543
2553
2559
2565
2581
2595
2608
2618
2630
2642
2652
2663
2674
2687
2709
2727
2741
2754
2766
2779
2791
2801
2814
2830
2847
2876
2893
2909
2925
2939
2951
2989
3021
3047
3146
3172
3216
3271
3343
3446
3540
3569
3733
3841
3925
4043
4168
4304
4375
4533