0.002000
3488
3506
3530
3608
3643
3657
3672
3689
3707
3724
3734
3743
3762
3769
3778
3789
3806
3823
3835
3858
3882
3901
3919
3936
3970
3984
3993
4001
4008
4017
4031
4038
4045
4064
4083
4091
4098
4104
4110
4129
4149
4159
4166
4173
4180
4187
4206
4209
4212
4214
4217
4220
4224
4229
4233
4238
4243
4249
4254
4259
4263
4268
4277
4289
4300
4312
4321
4328
4335
4344
4350
4353
4356
4360
4363
4368
4374
4381
4387
4393
4398
4401
4404
4407
4410
4413
4416
4419
4422
4425
4428
4433
4439
4445
4448
4450
4453
4456
4459
4462
4465
4469
4472
4475
4478
4481
4484
4488
4491
4495
4500
4505
4511
4518
4524
4527
4530
4533
4536
4539
4543
4549
4555
4558
4561
4563
4566
4569
4572
4575
4578
4581
4584
4587
4590
4593
4596
4599
4602
4608
4620
4625
4630
4635
4641
4648
4655
4662
4669
4674
4679
4684
4692
4701
4706
4712
4718
4723
4728
4732
4735
4738
4741
4744
4746
4750
4753
4757
4760
4764
4767
4769
4772
4775
4778
4781
4783
4785
4788
4790
4792
4795
4798
4802
4806
4810
4813
4816
4820
4823
4826
4830
4833
4837
4841
4845
4849
4853
4857
4860
4863
4866
4869
4872
4875
4878
4880
4883
4886
4889
4892
4894
4897
4899
4902
4904
4907
4909
4911
4914
4916
4918
4921
4923
4926
4928
4931
4934
4937
4939
4942
4945
4948
4951
4954
4958
4962
4967
4971
4974
4977
4980
4983
4987
4989
4992
4995
4997
5000
5003
5009
5015
5019
5022
5025
5027
5030
5033
5035
5038
5040
5043
5045
5048
5050
5053
5056
5059
5062
5065
5068
5070
5073
5076
5078
5081
5084
5086
5089
5092
5094
5097
5100
5103
5106
5110
5113
5115
5118
5120
5123
5125
5128
5130
5133
5136
5138
5141
5144
5146
5149
5151
5154
5156
5159
5161
5167
5173
5178
5181
5184
5187
5190
5193
5195
5197
5200
5202
5204
5207
5209
5212
5215
5218
5222
5225
5227
5230
5232
5235
5237
5240
5243
5246
5250
5253
5257
5261
5266
5271
5276
5279
5283
5287
5290
5293
5295
5298
5300
5303
5305
5307
5309
5311
5314
5316
5318
5320
5324
5332
5338
5340
5343
5345
5347
5350
5352
5355
5358
5361
5364
5368
5371
5374
5377
5380
5383
5389
5396
5402
5405
5409
5412
5416
5421
5426
5432
5436
5439
5443
5446
5450
5452
5454
5456
5459
5461
5463
5466
5469
5473
5476
5479
5483
5487
5491
5496
5499
5503
5506
5510
5514
5521
5528
5531
5534
5537
5540
5543
5547
5554
5561
5565
5570
5574
5580
5589
5595
5599
5603
5606
5610
5614
5618
5622
5625
5629
5632
5635
5638
5642
5647
5652
5657
5660
5664
5667
5671
5675
5680
5685
5690
5694
5698
5703
5709
5716
5723
5730
5742
5758
5767
5778
5792
5806
5817
5826
5836
5848
5864
5871
5878
5883
5887
5892
5913
5925
5934
5943
5975
5987
6082
6100
6117
6134
6141
6148
6169
6181
6198
6207
6217
6249
6260
6277
6343
6392
6408
6419
6546
6661