0.002000
1697
2202
2452
2527
2601
2651
2687
2718
2748
2778
2815
2852
2885
2916
2949
2972
2993
3023
3061
3135
3164
3180
3196
3217
3242
3259
3274
3290
3304
3318
3334
3350
3367
3378
3389
3399
3409
3421
3433
3445
3456
3466
3475
3485
3494
3503
3512
3521
3530
3539
3548
3556
3565
3574
3583
3594
3605
3615
3625
3633
3641
3649
3657
3665
3673
3682
3690
3698
3706
3712
3719
3726
3732
3739
3746
3753
3760
3767
3774
3781
3788
3795
3803
3811
3818
3826
3833
3840
3847
3853
3860
3867
3874
3883
3892
3901
3910
3917
3924
3930
3936
3942
3948
3954
3962
3969
3977
3985
3992
4000
4006
4012
4018
4024
4030
4036
4042
4048
4054
4060
4065
4071
4077
4083
4089
4095
4101
4107
4113
4119
4125
4130
4135
4140
4145
4150
4156
4161
4166
4172
4179
4185
4191
4197
4203
4210
4216
4223
4230
4237
4244
4250
4257
4263
4270
4277
4283
4290
4295
4301
4307
4313
4319
4324
4330
4336
4342
4348
4354
4361
4367
4373
4383
4393
4403
4414
4436
4459
4468
4477
4486
4495
4503
4510
4517
4524
4531
4538
4545
4552
4559
4567
4574
4581
4587
4592
4598
4604
4609
4615
4620
4626
4632
4637
4643
4649
4654
4660
4666
4672
4678
4685
4691
4697
4704
4710
4717
4723
4730
4736
4743
4749
4755
4761
4767
4773
4779
4785
4791
4798
4805
4812
4819
4826
4833
4839
4844
4849
4854
4859
4865
4870
4875
4882
4889
4896
4903
4910
4917
4924
4931
4938
4945
4952
4958
4966
4973
4980
4987
4994
5001
5010
5019
5027
5036
5044
5051
5058
5065
5071
5078
5085
5096
5107
5117
5128
5137
5146
5154
5163
5172
5180
5189
5197
5205
5215
5225
5236
5247
5255
5262
5269
5276
5283
5290
5298
5308
5318
5329
5338
5346
5354
5362
5370
5378
5385
5392
5398
5405
5412
5419
5430
5442
5453
5465
5477
5490
5502
5513
5523
5533
5543
5554
5565
5576
5587
5603
5619
5633
5644
5655
5666
5676
5685
5693
5702
5711
5722
5732
5743
5754
5774
5794
5813
5831
5851
5871
5892
5913
5931
5946
5961
5980
6000
6021
6043
6057
6069
6082
6100
6125
6140
6152
6164
6179
6200
6219
6233
6246
6262
6282
6301
6314
6327
6340
6355
6370
6385
6398
6412
6427
6448
6468
6483
6498
6514
6530
6545
6570
6594
6607
6620
6634
6657
6679
6701
6721
6738
6754
6776
6799
6826
6847
6860
6873
6887
6904
6921
6940
6960
6995
7017
7030
7042
7055
7068
7081
7097
7130
7195
7220
7247
7268
7283
7298
7313
7329
7347
7385
7397
7409
7421
7436
7454
7472
7495
7517
7536
7554
7572
7590
7610
7632
7648
7663
7678
7696
7714
7727
7737
7747
7758
7774
7794
7811
7826
7841
7873
7900
7922
7938
7951
7964
7982
8005
8034
8063
8083
8102
8120
8137
8162
8189
8222
8247
8272
8295
8318
8341
8367
8394
8422
8527
8561
8594
8625
8656
8716
8770
8803
8833
8885
8965
9043
9116
9230
9335
9413
9509
9637
10021