0.002000
3737
3790
4103
4175
4299
4451
4492
4737
4805
4847
4908
5108
5212
5237
5262
5286
5311
5335
5352
5370
5388
5412
5473
5497
5522
5554
5612
5633
5653
5674
5691
5706
5722
5737
5753
5771
5788
5806
5823
5838
5854
5869
5884
5918
6029
6070
6107
6138
6168
6189
6209
6230
6242
6252
6261
6271
6280
6290
6299
6317
6348
6378
6402
6427
6449
6467
6485
6502
6589
6607
6624
6642
6659
6674
6689
6705
6720
6744
6769
6793
6813
6834
6854
6875
6896
6916
6935
6950
6966
6981
6997
7009
7020
7031
7042
7053
7065
7076
7089
7101
7113
7126
7138
7162
7187
7209
7220
7230
7240
7250
7261
7271
7282
7296
7310
7324
7337
7350
7359
7369
7378
7387
7397
7406
7416
7422
7428
7434
7439
7445
7451
7457
7463
7469
7475
7480
7487
7494
7502
7510
7517
7525
7533
7540
7548
7556
7564
7571
7579
7587
7594
7602
7610
7617
7625
7631
7637
7643
7650
7656
7662
7668
7674
7680
7687
7693
7700
7708
7716
7723
7731
7739
7746
7754
7762
7770
7779
7788
7797
7806
7814
7823
7832
7841
7850
7858
7867
7876
7885
7894
7902
7909
7917
7924
7931
7938
7946
7953
7960
7967
7975
7983
7990
7998
8006
8013
8021
8029
8036
8045
8053
8062
8071
8080
8089
8097
8106
8116
8126
8136
8147
8157
8167
8177
8187
8197
8206
8215
8225
8234
8244
8253
8261
8269
8277
8286
8294
8302
8310
8318
8330
8341
8352
8363
8374
8386
8397
8408
8419
8430
8442
8453
8465
8479
8493
8507
8520
8548
8589
8606
8619
8631
8643
8656
8669
8684
8699
8715
8730
8742
8751
8760
8770
8779
8789
8798
8809
8821
8833
8846
8858
8870
8881
8890
8900
8909
8919
8928
8938
8949
8965
8980
8996
9011
9026
9042
9057
9072
9087
9101
9115
9128
9142
9154
9163
9172
9181
9189
9198
9207
9216
9227
9243
9258
9273
9289
9301
9314
9326
9338
9351
9363
9375
9388
9400
9412
9425
9437
9449
9462
9474
9486
9499
9519
9539
9560
9576
9588
9600
9613
9625
9637
9647
9656
9666
9675
9685
9694
9704
9716
9729
9743
9757
9770
9794
9825
9865
9918
9936
9954
9971
9992
10023
10054
10071
10089
10107
10126
10187
10207
10222
10238
10253
10279
10320
10344
10362
10379
10397
10432
10474
10515
10552
10583
10612
10629
10647
10665
10683
10708
10733
10770
10822
10839
10857
10875
10896
10927
10959
11020
11054
11085
11122
11163
11259
11315
11356
11387
11412
11437
11466
11497
11543
11593
11624
11655
11685
11716
11756
11797
11838
11868
11885
11903
11920
11938
11956
11973
11991
12022
12063
12178
12230
12261
12297
12338
12396
12443
12623
12664
12731
12793
12834
12875
12923
12985
13044
13085
13161
13231
13293
13330
13350
13371
13400
13459
13490
13521
13647
13694
13734
13759
13784
13812
13853
13958
13989
14018
14042
14067
14094
14125
14242
14315
14356
14416
14505
14536
14566
14584
14602
14619
14710
14834
14970
15062
15103
15155
15380
15503
15582
15819
15942
16104
16135
16173
16504
16916
17290
17498
17552