6
1.3376e-08,1.34047e-08,1.34175e-08,3.00964e-08,2.96934e-08,1.35753e-08
-80.0738,-90.0924,-90.1006,-97.1175,-97.0004,-90.2022
0,0,0,0,0,0
103.694,75.4373,103.651,96.0397,96.122,103.49
320.307,320.423,39.9181,289.519,343.673,218.562
86.5953,86.2068,86.7617,46.4397,109.813,86.331
251.99,251.694,251.841,10.8562,130.215,252.68
6
1.3388e-08,1.34167e-08,1.34293e-08,3.01214e-08,2.96607e-08,1.35876e-08
-80.0815,-90.1001,-90.1083,-97.1247,-96.9909,-90.2101
0,0,0,0,0,0
103.682,75.4513,103.639,96.0347,96.1287,103.477
320.445,320.561,39.7805,289.562,343.687,218.427
86.1744,85.7861,86.3407,46.6489,109.946,85.912
252.518,252.222,252.369,11.4775,130.732,253.207
6
1.33943e-08,1.34229e-08,1.34355e-08,3.01465e-08,2.96331e-08,1.35943e-08
-80.0856,-90.1042,-90.1123,-97.132,-96.9828,-90.2143
0,0,0,0,0,0
103.675,75.459,103.633,96.0296,96.1345,103.47
320.574,320.689,39.6524,289.592,343.708,218.301
85.8655,85.4771,86.0317,46.8351,109.99,85.6053
252.892,252.596,252.742,11.8603,131.068,253.579
6
1.33696e-08,1.33983e-08,1.34108e-08,3.01623e-08,2.9641e-08,1.35696e-08
-80.0696,-90.0882,-90.0963,-97.1365,-96.9851,-90.1986
0,0,0,0,0,0
103.701,75.4327,103.658,96.0264,96.1328,103.495
320.608,320.724,39.6188,289.552,343.757,218.266
86.1782,85.7882,86.3443,46.832,109.628,85.9203
252.408,252.113,252.258,11.0353,130.441,253.097
6
1.33713e-08,1.34e-08,1.34124e-08,3.0183e-08,2.96214e-08,1.35716e-08
-80.0707,-90.0893,-90.0974,-97.1425,-96.9793,-90.1999
0,0,0,0,0,0
103.699,75.4354,103.656,96.0223,96.1369,103.493
320.708,320.824,39.5189,289.57,343.78,218.168
85.9862,85.596,86.1523,46.9696,109.617,85.7302
252.629,252.335,252.478,11.2215,130.614,253.318
6
1.34019e-08,1.34306e-08,1.3443e-08,3.01678e-08,2.96078e-08,1.36022e-08
-80.0905,-90.1091,-90.1172,-97.1381,-96.9753,-90.2194
0,0,0,0,0,0
103.667,75.4681,103.625,96.0254,96.1398,103.462
320.686,320.802,39.5402,289.623,343.724,218.191
85.5687,85.1803,85.7348,47.003,110.052,85.3103
253.261,252.965,253.11,12.2574,131.413,253.947
6
1.33671e-08,1.33959e-08,1.34082e-08,3.01917e-08,2.96175e-08,1.35676e-08
-80.068,-90.0866,-90.0946,-97.145,-96.9782,-90.1973
0,0,0,0,0,0
103.704,75.4312,103.661,96.0206,96.1377,103.497
320.742,320.858,39.4849,289.567,343.795,218.134
85.9908,85.6002,86.1568,47.0078,109.546,85.7358
252.601,252.306,252.449,11.1203,130.546,253.289
6
1.34034e-08,1.34321e-08,1.34445e-08,3.01823e-08,2.95937e-08,1.36039e-08
-80.0915,-90.1101,-90.1181,-97.1423,-96.9712,-90.2205
0,0,0,0,0,0
103.666,75.4703,103.623,96.0224,96.1427,103.461
320.757,320.873,39.4696,289.636,343.739,218.121
85.4337,85.0451,85.5997,47.1016,110.043,85.1767
253.418,253.123,253.267,12.3866,131.538,254.104
6
1.33814e-08,1.34101e-08,1.34224e-08,3.02082e-08,2.95905e-08,1.35821e-08
-80.0772,-90.0958,-90.1038,-97.1497,-96.9703,-90.2066
0,0,0,0,0,0
103.689,75.4473,103.646,96.0173,96.1434,103.483
320.843,320.959,39.3841,289.608,343.797,218.035
85.6201,85.2299,85.786,47.1702,109.704,85.3663
253.09,252.796,252.938,11.7254,131.048,253.777
6
1.33548e-08,1.33836e-08,1.33958e-08,3.02294e-08,2.95954e-08,1.35557e-08
-80.06,-90.0787,-90.0866,-97.1558,-96.9717,-90.1896
0,0,0,0,0,0
103.717,75.4191,103.674,96.013,96.1423,103.509
320.9,321.016,39.328,289.567,343.855,217.978
85.9109,85.5189,86.0767,47.197,109.318,85.6598
252.619,252.326,252.466,10.8922,130.414,253.308
6
1.3381e-08,1.34097e-08,1.3422e-08,3.02065e-08,2.95923e-08,1.35817e-08
-80.077,-90.0956,-90.1036,-97.1492,-96.9708,-90.2063
0,0,0,0,0,0
103.689,75.4468,103.647,96.0176,96.143,103.483
320.834,320.95,39.393,289.606,343.795,218.044
85.6399,85.2497,85.8058,47.1575,109.702,85.3859
253.066,252.772,252.914,11.7025,131.027,253.753
6
1.33783e-08,1.3407e-08,1.34192e-08,3.02233e-08,2.95801e-08,1.35792e-08
-80.0752,-90.0938,-90.1018,-97.1541,-96.9672,-90.2047
0,0,0,0,0,0
103.692,75.4445,103.649,96.0142,96.1455,103.486
320.909,321.025,39.3185,289.612,343.819,217.97
85.5601,85.1695,85.726,47.2522,109.634,85.3078
253.14,252.846,252.987,11.6935,131.043,253.826
6
1.33677e-08,1.33965e-08,1.34087e-08,3.02097e-08,2.96012e-08,1.35684e-08
-80.0684,-90.087,-90.095,-97.1501,-96.9734,-90.1978
0,0,0,0,0,0
103.703,75.4325,103.66,96.017,96.1411,103.496
320.828,320.944,39.3995,289.58,343.816,218.049
85.8422,85.4513,86.0082,47.1236,109.523,85.5889
252.768,252.474,252.616,11.2438,130.667,253.456
6
1.34028e-08,1.34315e-08,1.34438e-08,3.01978e-08,2.95807e-08,1.36035e-08
-80.0911,-90.1097,-90.1177,-97.1467,-96.9674,-90.2202
0,0,0,0,0,0
103.666,75.4702,103.624,96.0193,96.1454,103.461
320.828,320.945,39.3982,289.645,343.758,218.051
85.3301,84.9412,85.496,47.1964,110.003,85.0746
253.53,253.235,253.378,12.441,131.604,254.215
6
1.33813e-08,1.341e-08,1.34223e-08,3.02086e-08,2.95902e-08,1.3582e-08
-80.0772,-90.0958,-90.1038,-97.1498,-96.9702,-90.2065
0,0,0,0,0,0
103.689,75.4473,103.646,96.0172,96.1434,103.483
320.845,320.961,39.3822,289.608,343.797,218.033
85.6179,85.2277,85.7839,47.1726,109.702,85.3641
253.092,252.798,252.94,11.7256,131.048,253.779
6
1.33912e-08,1.34199e-08,1.34323e-08,3.01727e-08,2.96128e-08,1.35915e-08
-80.0836,-90.1022,-90.1103,-97.1395,-96.9768,-90.2126
0,0,0,0,0,0
103.679,75.4567,103.636,96.0244,96.1387,103.473
320.692,320.808,39.5344,289.604,343.743,218.184
85.7182,85.3291,85.8842,46.9879,109.901,85.4606
253.037,252.742,252.886,11.8925,131.131,253.724
6
1.33961e-08,1.34248e-08,1.34372e-08,3.01879e-08,2.95953e-08,1.35967e-08
-80.0868,-90.1054,-90.1134,-97.1439,-96.9717,-90.2159
0,0,0,0,0,0
103.673,75.4626,103.631,96.0213,96.1424,103.468
320.771,320.887,39.4554,289.625,343.754,218.107
85.5186,85.1296,85.6846,47.1047,109.936,85.2624
253.284,252.989,253.133,12.151,131.358,253.97
6
1.3392e-08,1.34207e-08,1.34331e-08,3.01649e-08,2.9619e-08,1.35922e-08
-80.0841,-90.1027,-90.1108,-97.1373,-96.9786,-90.213
0,0,0,0,0,0
103.678,75.4572,103.635,96.0259,96.1374,103.472
320.656,320.772,39.5698,289.6,343.733,218.219
85.7644,85.3755,85.9305,46.9417,109.926,85.506
252.99,252.695,252.839,11.878,131.108,253.677
6
1.34253e-08,1.34539e-08,1.34665e-08,3.01445e-08,2.96076e-08,1.36254e-08
-80.1057,-90.1242,-90.1323,-97.1314,-96.9753,-90.2342
0,0,0,0,0,0
103.643,75.4926,103.601,96.03,96.1398,103.439
320.615,320.73,39.6107,289.656,343.667,218.262
85.3294,84.9426,85.4955,46.9633,110.408,85.0681
253.653,253.356,253.503,12.9996,131.97,254.338
5
1.3424e-08,1.34651e-08,3.01701e-08,2.95863e-08,1.36245e-08
-80.1049,-90.1314,-97.1388,-96.969,-90.2336
0,0,0,0,0
103.644,103.602,96.0249,96.1442,103.44
320.733,39.4934,289.671,343.699,218.146
85.165,85.331,47.1184,110.336,84.9063
253.827,253.677,13.0736,132.07,254.512
6
1.3418e-08,1.34467e-08,1.34593e-08,3.01339e-08,2.96233e-08,1.3618e-08
-80.101,-90.1195,-90.1277,-97.1283,-96.9799,-90.2295
0,0,0,0,0,0
103.651,75.4844,103.608,96.0322,96.1365,103.446
320.553,320.669,39.6724,289.633,343.664,218.323
85.5377,85.1508,85.7039,46.862,110.334,85.2756
253.384,253.088,253.235,12.6783,131.697,254.07
6
1.34095e-08,1.34381e-08,1.34507e-08,3.01439e-08,2.9622e-08,1.36095e-08
-80.0955,-90.114,-90.1221,-97.1312,-96.9795,-90.2241
0,0,0,0,0,0
103.659,75.4755,103.617,96.0301,96.1368,103.455
320.586,320.702,39.6396,289.622,343.686,218.29
85.6147,85.2272,85.7809,46.8861,110.2,85.3538
253.252,252.956,253.102,12.4123,131.501,253.938
6
1.34191e-08,1.34477e-08,1.34602e-08,3.01738e-08,2.95874e-08,1.36195e-08
-80.1017,-90.1202,-90.1282,-97.1398,-96.9694,-90.2305
0,0,0,0,0,0
103.65,75.487,103.607,96.0241,96.144,103.445
320.742,320.858,39.4841,289.663,343.709,218.137
85.224,84.8364,85.3901,47.1187,110.265,84.9658
253.735,253.44,253.585,12.9124,131.946,254.42
6
1.33959e-08,1.34246e-08,1.34371e-08,3.01699e-08,2.96112e-08,1.35963e-08
-80.0867,-90.1053,-90.1133,-97.1387,-96.9763,-90.2156
0,0,0,0,0,0
103.674,75.4617,103.631,96.0249,96.139,103.468
320.686,320.802,39.5401,289.612,343.734,218.19
85.6569,85.2682,85.823,46.9903,109.969,85.3989
253.131,252.835,252.98,12.0509,131.252,253.817
6
1.33948e-08,1.34235e-08,1.3436e-08,3.01592e-08,2.96215e-08,1.3595e-08
-80.086,-90.1045,-90.1126,-97.1356,-96.9794,-90.2148
0,0,0,0,0,0
103.675,75.4601,103.632,96.0271,96.1369,103.47
320.634,320.75,39.5921,289.602,343.722,218.242
85.7582,85.3696,85.9243,46.9177,109.974,85.4992
253.013,252.717,252.862,11.9514,131.158,253.7
6
1.33965e-08,1.34252e-08,1.34376e-08,3.0191e-08,2.95921e-08,1.35971e-08
-80.0871,-90.1057,-90.1137,-97.1448,-96.9707,-90.2162
0,0,0,0,0,0
103.673,75.4632,103.63,96.0207,96.143,103.467
320.787,320.903,39.4401,289.628,343.758,218.092
85.4878,85.0987,85.6538,47.1263,109.936,85.2318
253.321,253.026,253.169,12.1827,131.388,254.007
5
1.34234e-08,1.34644e-08,3.01823e-08,2.95761e-08,1.3624e-08
-80.1045,-90.131,-97.1423,-96.9661,-90.2333
0,0,0,0,0
103.645,103.603,96.0224,96.1463,103.44
320.789,39.4372,289.678,343.714,218.091
85.0871,85.2531,47.1926,110.301,84.8297
253.91,253.759,13.1073,132.116,254.594
6
1.33953e-08,1.3424e-08,1.34364e-08,3.01798e-08,2.9603e-08,1.35958e-08
-80.0863,-90.1049,-90.1129,-97.1416,-96.9739,-90.2153
0,0,0,0,0,0
103.674,75.4614,103.632,96.0229,96.1407,103.469
320.732,320.848,39.4945,289.618,343.746,218.145
85.5926,85.2036,85.7586,47.0504,109.942,85.3356
253.198,252.903,253.047,12.081,131.291,253.885
6
1.33906e-08,1.34193e-08,1.34317e-08,3.01957e-08,2.95932e-08,1.35912e-08
-80.0832,-90.1018,-90.1098,-97.1461,-96.9711,-90.2124
0,0,0,0,0,0
103.679,75.4569,103.637,96.0198,96.1428,103.473
320.799,320.915,39.4275,289.619,343.771,218.079
85.5547,85.1652,85.7207,47.1306,109.849,85.2994
253.214,252.919,253.062,11.9932,131.243,253.9
6
1.33982e-08,1.34269e-08,1.34393e-08,3.01824e-08,2.95982e-08,1.35987e-08
-80.0882,-90.1067,-90.1148,-97.1423,-96.9725,-90.2172
0,0,0,0,0,0
103.671,75.4647,103.629,96.0224,96.1417,103.466
320.749,320.865,39.4777,289.625,343.745,218.129
85.5232,85.1343,85.6892,47.0792,109.975,85.2663
253.291,252.996,253.14,12.199,131.388,253.977
6
1.33978e-08,1.34265e-08,1.3439e-08,3.01481e-08,2.96286e-08,1.35979e-08
-80.0879,-90.1065,-90.1146,-97.1324,-96.9815,-90.2166
0,0,0,0,0,0
103.672,75.463,103.629,96.0293,96.1354,103.467
320.587,320.703,39.6391,289.601,343.706,218.288
85.7901,85.4018,85.9563,46.8606,110.035,85.5299
252.995,252.699,252.844,12.0016,131.182,253.682
6
1.34026e-08,1.34313e-08,1.34438e-08,3.01652e-08,2.96093e-08,1.36029e-08
-80.091,-90.1096,-90.1177,-97.1374,-96.9758,-90.2199
0,0,0,0,0,0
103.667,75.4688,103.624,96.0259,96.1394,103.462
320.675,320.791,39.5509,289.623,343.72,218.202
85.5746,85.1863,85.7407,46.9903,110.067,85.316
253.258,252.963,253.108,12.2718,131.421,253.945
6
1.34192e-08,1.34478e-08,1.34603e-08,3.01617e-08,2.95979e-08,1.36195e-08
-80.1017,-90.1202,-90.1283,-97.1363,-96.9724,-90.2304
0,0,0,0,0,0
103.649,75.4866,103.607,96.0266,96.1418,103.445
320.685,320.801,39.5405,289.655,343.695,218.193
85.311,84.9236,85.4771,47.0429,110.292,85.0516
253.64,253.344,253.489,12.8582,131.884,254.325
6
1.3427e-08,1.34556e-08,1.34682e-08,3.01349e-08,2.96145e-08,1.3627e-08
-80.1068,-90.1253,-90.1334,-97.1286,-96.9773,-90.2352
0,0,0,0,0,0
103.641,75.4941,103.599,96.0319,96.1383,103.437
320.572,320.688,39.653,289.653,343.654,218.304
85.3707,84.9842,85.5369,46.9104,110.451,85.1084
253.616,253.32,253.467,13.0149,131.967,254.301
6
1.34098e-08,1.34384e-08,1.3451e-08,3.01379e-08,2.9627e-08,1.36097e-08
-80.0956,-90.1142,-90.1223,-97.1295,-96.981,-90.2242
0,0,0,0,0,0
103.659,75.4756,103.616,96.0313,96.1357,103.455
320.559,320.674,39.6671,289.619,343.679,218.317
85.655,85.2676,85.8212,46.8496,110.215,85.3935
253.21,252.913,253.06,12.3912,131.476,253.896
5
1.34326e-08,1.34739e-08,3.01246e-08,2.96186e-08,1.36326e-08
-80.1105,-90.1371,-97.1257,-96.9785,-90.2388
0,0,0,0,0
103.635,103.593,96.034,96.1375,103.432
320.533,39.6918,289.657,343.635,218.343
85.345,85.5112,46.8727,110.548,85.0816
253.676,253.526,13.1762,132.08,254.36
5
1.34464e-08,1.34876e-08,3.0141e-08,2.95921e-08,1.36466e-08
-80.1193,-90.1459,-97.1304,-96.9707,-90.2477
0,0,0,0,0
103.621,103.579,96.0307,96.143,103.418
320.632,39.593,289.697,343.637,218.246
84.98,85.1461,47.0434,110.693,84.7179
254.151,254.002,13.7604,132.575,254.835
5
1.34655e-08,1.35067e-08,3.01168e-08,2.95966e-08,1.36654e-08
-80.1316,-90.1582,-97.1234,-96.9721,-90.2597
0,0,0,0,0
103.602,103.559,96.0356,96.1421,103.399
320.55,39.6745,289.721,343.584,218.328
84.8107,84.9769,46.989,110.998,84.5458
254.438,254.29,14.3607,133.018,255.121
5
1.3481e-08,1.35223e-08,3.0096e-08,2.96013e-08,1.36808e-08
-80.1417,-90.1682,-97.1174,-96.9734,-90.2694
0,0,0,0,0
103.586,103.543,96.0398,96.1411,103.384
320.478,39.7465,289.739,343.541,218.4
84.6763,84.8426,46.9409,111.252,84.4089
254.667,254.52,14.8542,133.38,255.349
5
1.34796e-08,1.3521e-08,3.00833e-08,2.96138e-08,1.36792e-08
-80.1408,-90.1674,-97.1137,-96.9771,-90.2684
0,0,0,0,0
103.587,103.545,96.0423,96.1385,103.385
320.416,39.808,289.727,343.528,218.461
84.7917,84.958,46.8533,111.265,84.523
254.533,254.386,14.7508,133.273,255.215
5
1.34922e-08,1.35336e-08,3.0073e-08,2.96117e-08,1.36917e-08
-80.1489,-90.1755,-97.1108,-96.9765,-90.2764
0,0,0,0,0
103.574,103.532,96.0444,96.1389,103.373
320.389,39.835,289.746,343.5,218.489
84.6312,84.7976,46.859,111.456,84.3613
254.775,254.628,15.1859,133.606,255.456
5
1.34954e-08,1.35369e-08,3.00529e-08,2.96267e-08,1.36947e-08
-80.1509,-90.1776,-97.105,-96.9809,-90.2783
0,0,0,0,0
103.571,103.529,96.0485,96.1358,103.37
320.3,39.9235,289.739,343.473,218.576
84.714,84.8804,46.7503,111.549,84.442
254.7,254.554,15.2277,133.602,255.382
5
1.35178e-08,1.35593e-08,3.00263e-08,2.96307e-08,1.37168e-08
-80.1653,-90.192,-97.0972,-96.9821,-90.2923
0,0,0,0,0
103.548,103.506,96.0539,96.135,103.348
320.212,40.0107,289.767,343.414,218.664
84.4779,84.6443,46.7146,111.915,84.2027
255.073,254.928,15.9879,134.166,255.754
5
1.35261e-08,1.35676e-08,3.00315e-08,2.96187e-08,1.37253e-08
-80.1707,-90.1973,-97.0988,-96.9785,-90.2977
0,0,0,0,0
103.539,103.497,96.0528,96.1375,103.339
320.25,39.9725,289.788,343.409,218.627
84.2832,84.4497,46.7987,112.012,84.0085
255.329,255.183,16.3271,134.453,256.009
5
1.35442e-08,1.35857e-08,3.00469e-08,2.95892e-08,1.37437e-08
-80.1823,-90.2089,-97.1032,-96.9699,-90.3093
0,0,0,0,0
103.521,103.479,96.0497,96.1436,103.321
320.351,39.8715,289.837,343.404,218.529
83.8394,84.0057,47.0079,112.203,83.5659
255.907,255.761,17.062,135.09,256.585
5
1.35066e-08,1.35481e-08,3.00643e-08,2.96068e-08,1.37062e-08
-80.1582,-90.1848,-97.1082,-96.975,-90.2855
0,0,0,0,0
103.559,103.517,96.0462,96.14,103.358
320.371,39.852,289.771,343.472,218.507
84.4238,84.5902,46.8872,111.669,84.1528
255.076,254.93,15.6997,134.007,255.757
5
1.35137e-08,1.35551e-08,3.00682e-08,2.95971e-08,1.37133e-08
-80.1627,-90.1893,-97.1094,-96.9722,-90.2901
0,0,0,0,0
103.552,103.51,96.0454,96.142,103.351
320.401,39.8224,289.788,343.467,218.478
84.2662,84.4324,46.9531,111.75,83.9953
255.286,255.139,15.9795,134.243,255.966
5
1.35438e-08,1.35852e-08,3.00628e-08,2.95756e-08,1.37435e-08
-80.182,-90.2085,-97.1078,-96.9659,-90.3092
0,0,0,0,0
103.521,103.479,96.0465,96.1465,103.321
320.424,39.7987,289.847,343.423,218.457
83.7454,83.9116,47.1032,112.15,83.4735
256.009,255.863,17.0869,135.145,256.687
5
1.35663e-08,1.36076e-08,3.00745e-08,2.95456e-08,1.37663e-08
-80.1965,-90.2229,-97.1112,-96.9571,-90.3236
0,0,0,0,0
103.499,103.457,96.0441,96.1527,103.299
320.514,39.7083,289.902,343.408,218.369
83.258,83.424,47.3194,112.392,82.9871
256.657,256.511,17.9415,135.884,257.334
5
1.35255e-08,1.35667e-08,3.0096e-08,2.95624e-08,1.37255e-08
-80.1703,-90.1967,-97.1174,-96.962,-90.2978
0,0,0,0,0
103.54,103.498,96.0398,96.1492,103.339
320.549,39.6745,289.832,343.485,218.333
83.8673,84.0334,47.196,111.82,83.5991
255.785,255.638,16.4984,134.727,256.464
5
1.35202e-08,1.35616e-08,3.00807e-08,2.95804e-08,1.372e-08
-80.1669,-90.1934,-97.113,-96.9673,-90.2943
0,0,0,0,0
103.545,103.503,96.0429,96.1455,103.345
320.47,39.7537,289.81,343.473,218.41
84.0629,84.2291,47.0698,111.799,83.7932
255.542,255.396,16.2611,134.5,256.222
5
1.35061e-08,1.35474e-08,3.00776e-08,2.95955e-08,1.37058e-08
-80.1578,-90.1844,-97.1121,-96.9717,-90.2853
0,0,0,0,0
103.56,103.518,96.0435,96.1423,103.359
320.433,39.7909,289.779,343.488,218.446
84.3434,84.5097,46.9673,111.626,84.0737
255.162,255.015,15.7242,134.053,255.842
5
1.352e-08,1.35614e-08,3.00683e-08,2.95915e-08,1.37197e-08
-80.1668,-90.1933,-97.1094,-96.9706,-90.2941
0,0,0,0,0
103.546,103.504,96.0454,96.1431,103.345
320.412,39.8116,289.801,343.459,218.468
84.1485,84.3148,46.9915,111.832,83.8776
255.447,255.3,16.2166,134.438,256.126
5
1.34883e-08,1.35297e-08,3.00735e-08,2.96147e-08,1.36878e-08
-80.1464,-90.173,-97.1109,-96.9774,-90.2739
0,0,0,0,0
103.578,103.536,96.0443,96.1383,103.376
320.384,39.8393,289.738,343.505,218.493
84.6999,84.8663,46.8399,111.404,84.4301
254.679,254.532,15.041,133.49,255.361
5
1.34942e-08,1.35356e-08,3.00557e-08,2.96253e-08,1.36935e-08
-80.1501,-90.1768,-97.1058,-96.9805,-90.2775
0,0,0,0,0
103.572,103.53,96.0479,96.1361,103.371
320.311,39.9123,289.738,343.477,218.565
84.7163,84.8827,46.7613,111.526,84.4446
254.692,254.545,15.1933,133.58,255.373
5
1.34695e-08,1.35111e-08,3.00448e-08,2.96566e-08,1.36686e-08
-80.1343,-90.161,-97.1026,-96.9897,-90.2617
0,0,0,0,0
103.597,103.555,96.0501,96.1296,103.396
320.219,40.0042,289.679,343.496,218.654
85.2593,85.4257,46.555,111.217,84.987
253.969,253.822,14.1952,132.758,254.653
5
1.34918e-08,1.35333e-08,3.00489e-08,2.96334e-08,1.36911e-08
-80.1486,-90.1753,-97.1038,-96.9828,-90.276
0,0,0,0,0
103.575,103.532,96.0493,96.1344,103.373
320.275,39.9479,289.729,343.472,218.6
84.8089,84.9753,46.7049,111.511,84.5365
254.578,254.432,15.0758,133.472,255.26
5
1.35178e-08,1.35593e-08,3.00567e-08,2.96037e-08,1.37173e-08
-80.1654,-90.192,-97.106,-96.9741,-90.2926
0,0,0,0,0
103.548,103.506,96.0477,96.1406,103.347
320.354,39.8692,289.789,343.449,218.524
84.268,84.4343,46.9056,111.835,83.9959
255.304,255.158,16.0958,134.315,255.984
5
1.35525e-08,1.3594e-08,3.00431e-08,2.95853e-08,1.3752e-08
-80.1876,-90.2141,-97.1021,-96.9688,-90.3145
0,0,0,0,0
103.513,103.471,96.0504,96.1444,103.313
320.347,39.8756,289.852,343.389,218.533
83.7097,83.8759,47.0371,112.32,83.4357
256.09,255.944,17.3618,135.33,256.768
5
1.35383e-08,1.35797e-08,3.0073e-08,2.95713e-08,1.37381e-08
-80.1785,-90.205,-97.1108,-96.9646,-90.3058
0,0,0,0,0
103.527,103.485,96.0444,96.1473,103.327
320.463,39.7601,289.843,343.442,218.418
83.7802,83.9464,47.1323,112.05,83.5096
255.944,255.797,16.911,135.021,256.622
5
1.35388e-08,1.35801e-08,3.0093e-08,2.95534e-08,1.37389e-08
-80.1788,-90.2053,-97.1165,-96.9594,-90.3062
0,0,0,0,0
103.527,103.485,96.0404,96.1511,103.326
320.557,39.6669,289.858,343.464,218.326
83.6444,83.8105,47.2586,111.995,83.3758
256.097,255.95,16.978,135.119,256.775
5
1.35315e-08,1.35726e-08,3.01246e-08,2.9532e-08,1.37319e-08
-80.1741,-90.2005,-97.1256,-96.9531,-90.3018
0,0,0,0,0
103.534,103.492,96.034,96.1556,103.333
320.692,39.5323,289.864,343.51,218.193
83.5772,83.7431,47.4087,111.807,83.3119
256.138,255.99,16.7886,135.027,256.816
5
1.35413e-08,1.35825e-08,3.01248e-08,2.95232e-08,1.37418e-08
-80.1804,-90.2068,-97.1257,-96.9505,-90.3081
0,0,0,0,0
103.524,103.482,96.034,96.1574,103.323
320.708,39.5155,289.885,343.498,218.177
83.4004,83.5663,47.4699,111.925,83.135
256.383,256.235,17.1414,135.323,257.06
5
1.35392e-08,1.35803e-08,3.01483e-08,2.95045e-08,1.374e-08
-80.1791,-90.2054,-97.1325,-96.945,-90.3069
0,0,0,0,0
103.526,103.484,96.0293,96.1613,103.325
320.814,39.4105,289.896,343.528,218.073
83.2948,83.4606,47.6004,111.824,83.032
256.492,256.343,17.1139,135.35,257.169
5
1.35415e-08,1.35826e-08,3.01401e-08,2.95096e-08,1.37422e-08
-80.1806,-90.2069,-97.1301,-96.9465,-90.3084
0,0,0,0,0
103.524,103.482,96.0309,96.1603,103.323
320.78,39.4444,289.895,343.516,218.106
83.3034,83.4692,47.5647,111.878,83.0397
256.493,256.345,17.1797,135.388,257.17
5
1.35406e-08,1.35818e-08,3.01316e-08,2.95178e-08,1.37412e-08
-80.18,-90.2063,-97.1277,-96.9489,-90.3077
0,0,0,0,0
103.525,103.483,96.0326,96.1585,103.324
320.739,39.4851,289.888,343.507,218.147
83.371,83.5369,47.5073,111.895,83.1064
256.412,256.264,17.1307,135.329,257.089
5
1.35471e-08,1.35882e-08,3.01273e-08,2.9516e-08,1.37476e-08
-80.1841,-90.2105,-97.1264,-96.9484,-90.3118
0,0,0,0,0
103.518,103.476,96.0335,96.1589,103.317
320.729,39.495,289.898,343.494,218.157
83.2834,83.4492,47.5201,111.986,83.0183
256.541,256.393,17.3509,135.504,257.218
5
1.35324e-08,1.35734e-08,3.01603e-08,2.94999e-08,1.37333e-08
-80.1747,-90.201,-97.1359,-96.9436,-90.3027
0,0,0,0,0
103.533,103.491,96.0268,96.1623,103.331
320.859,39.3654,289.89,343.551,218.028
83.3399,83.5056,47.6337,111.704,83.0784
256.41,256.261,16.9007,135.196,257.087
5
1.3537e-08,1.35779e-08,3.01969e-08,2.94639e-08,1.37384e-08
-80.1777,-90.2039,-97.1465,-96.933,-90.306
0,0,0,0,0
103.528,103.487,96.0195,96.1698,103.326
321.036,39.189,289.924,343.588,217.854
83.0417,83.2072,47.8842,111.636,82.784
256.77,256.62,17.1282,135.466,257.446
5
1.35117e-08,1.35525e-08,3.02074e-08,2.94769e-08,1.37131e-08
-80.1614,-90.1876,-97.1495,-96.9369,-90.2899
0,0,0,0,0
103.554,103.513,96.0174,96.1671,103.351
321.045,39.1801,289.878,343.633,217.843
83.4086,83.5741,47.8028,111.31,83.1522
256.235,256.085,16.2838,134.774,256.913
5
1.35509e-08,1.35918e-08,3.01896e-08,2.94582e-08,1.37523e-08
-80.1866,-90.2128,-97.1444,-96.9313,-90.3147
0,0,0,0,0
103.514,103.473,96.021,96.171,103.313
321.023,39.2012,289.948,343.562,217.867
82.8488,83.0143,47.9223,111.819,82.5903
257.053,256.903,17.588,135.841,257.728
5
1.35513e-08,1.35921e-08,3.01937e-08,2.94544e-08,1.37527e-08
-80.1868,-90.213,-97.1455,-96.9302,-90.315
0,0,0,0,0
103.514,103.472,96.0202,96.1719,103.312
321.043,39.182,289.951,343.567,217.848
82.8195,82.9849,47.9489,111.808,82.5614
257.088,256.938,17.6058,135.865,257.763
5
1.35669e-08,1.36077e-08,3.02089e-08,2.94276e-08,1.37686e-08
-80.1968,-90.2229,-97.1499,-96.9223,-90.325
0,0,0,0,0
103.498,103.457,96.0171,96.1775,103.297
321.137,39.0878,289.994,343.565,217.756
82.4712,82.6364,48.135,111.927,82.2146
257.557,257.407,18.1474,136.363,258.231
5
1.35754e-08,1.3616e-08,3.02457e-08,2.93882e-08,1.37776e-08
-80.2023,-90.2282,-97.1605,-96.9107,-90.3307
0,0,0,0,0
103.489,103.448,96.0098,96.1858,103.288
321.32,38.9053,290.035,343.598,217.577
82.1334,82.2983,48.406,111.878,81.8808
257.987,257.835,18.4515,136.711,258.659
5
1.35692e-08,1.36097e-08,3.02632e-08,2.93785e-08,1.37716e-08
-80.1983,-90.2242,-97.1655,-96.9078,-90.3269
0,0,0,0,0
103.496,103.455,96.0063,96.1879,103.294
321.391,38.8344,290.034,343.627,217.506
82.1421,82.307,48.4721,111.746,81.8914
257.951,257.8,18.2614,136.585,258.624
5
1.35616e-08,1.36023e-08,3.02336e-08,2.94107e-08,1.37636e-08
-80.1935,-90.2195,-97.157,-96.9173,-90.3219
0,0,0,0,0
103.503,103.462,96.0122,96.1811,103.301
321.243,38.9819,289.999,343.601,217.651
82.4233,82.5884,48.2511,111.778,82.1694
257.591,257.44,17.9958,136.288,258.264
5
1.35859e-08,1.36266e-08,3.02339e-08,2.93893e-08,1.3788e-08
-80.209,-90.235,-97.1571,-96.911,-90.3373
0,0,0,0,0
103.479,103.438,96.0121,96.1856,103.278
321.281,38.9436,290.049,343.571,217.615
82.0227,82.1876,48.401,112.035,81.7688
258.159,258.008,18.7876,136.977,258.831
5
1.35766e-08,1.36171e-08,3.02668e-08,2.93691e-08,1.3779e-08
-80.203,-90.2289,-97.1665,-96.905,-90.3316
0,0,0,0,0
103.488,103.447,96.0056,96.1899,103.286
321.418,38.8071,290.051,343.622,217.48
82.0048,82.1696,48.5372,111.809,81.7545
258.143,257.991,18.4992,136.8,258.816
5
1.35881e-08,1.36287e-08,3.02432e-08,2.93794e-08,1.37904e-08
-80.2104,-90.2363,-97.1598,-96.9081,-90.3387
0,0,0,0,0
103.476,103.436,96.0103,96.1877,103.275
321.327,38.8978,290.06,343.579,217.57
81.9388,82.1036,48.4693,112.022,81.6859
258.267,258.116,18.8621,137.063,258.939
5
1.35808e-08,1.36214e-08,3.02487e-08,2.93809e-08,1.37831e-08
-80.2057,-90.2317,-97.1614,-96.9085,-90.3342
0,0,0,0,0
103.484,103.443,96.0092,96.1873,103.282
321.342,38.8834,290.049,343.595,217.555
82.0291,82.1939,48.4569,111.924,81.7768
258.131,257.98,18.6288,136.872,258.804
5
1.35543e-08,1.35949e-08,3.02735e-08,2.93825e-08,1.37568e-08
-80.1888,-90.2147,-97.1685,-96.909,-90.3176
0,0,0,0,0
103.511,103.47,96.0042,96.187,103.308
321.416,38.8097,290.01,343.658,217.481
82.3266,82.4914,48.4456,111.552,82.077
257.674,257.522,17.7931,136.201,258.347
5
1.35681e-08,1.36086e-08,3.02806e-08,2.93644e-08,1.37707e-08
-80.1976,-90.2235,-97.1705,-96.9037,-90.3264
0,0,0,0,0
103.497,103.456,96.0028,96.1908,103.294
321.469,38.7563,290.043,343.649,217.429
82.0683,82.233,48.5684,111.668,81.8194
258.035,257.882,18.2373,136.603,258.707
5
1.35946e-08,1.36351e-08,3.02857e-08,2.9337e-08,1.37974e-08
-80.2146,-90.2404,-97.172,-96.8955,-90.3432
0,0,0,0,0
103.47,103.429,96.0018,96.1966,103.268
321.532,38.6931,290.101,343.621,217.368
81.6209,81.7853,48.758,111.917,81.3726
258.671,258.518,19.0729,137.349,259.342
5
1.35838e-08,1.36243e-08,3.02554e-08,2.93726e-08,1.37861e-08
-80.2076,-90.2335,-97.1633,-96.9061,-90.3361
0,0,0,0,0
103.481,103.44,96.0078,96.1891,103.279
321.377,38.8484,290.059,343.599,217.521
81.9473,82.1121,48.514,111.928,81.6957
258.24,258.088,18.7252,136.972,258.912
5
1.35749e-08,1.36155e-08,3.02595e-08,2.93768e-08,1.37773e-08
-80.202,-90.2279,-97.1645,-96.9073,-90.3305
0,0,0,0,0
103.49,103.449,96.007,96.1882,103.288
321.382,38.8429,290.043,343.615,217.515
82.0689,82.2338,48.4844,111.82,81.8178
258.061,257.909,18.4437,136.735,258.733
5
1.35514e-08,1.3592e-08,3.02635e-08,2.93937e-08,1.37537e-08
-80.1869,-90.2129,-97.1656,-96.9123,-90.3156
0,0,0,0,0
103.514,103.473,96.0062,96.1846,103.311
321.366,38.86,289.997,343.65,217.53
82.4281,82.593,48.3689,111.557,82.1774
257.542,257.39,17.6895,136.089,258.216
5
1.35498e-08,1.35903e-08,3.02903e-08,2.9372e-08,1.37525e-08
-80.1859,-90.2118,-97.1733,-96.9059,-90.3148
0,0,0,0,0
103.515,103.474,96.0009,96.1892,103.312
321.487,38.7394,290.011,343.683,217.411
82.3091,82.4739,48.5192,111.442,82.0613
257.676,257.523,17.6625,136.124,258.349
5
1.35559e-08,1.35964e-08,3.02641e-08,2.93894e-08,1.37582e-08
-80.1898,-90.2157,-97.1658,-96.911,-90.3185
0,0,0,0,0
103.509,103.468,96.0061,96.1856,103.307
321.375,38.8508,290.007,343.645,217.521
82.3529,82.5179,48.3982,111.603,82.1023
257.649,257.497,17.834,136.215,258.323
5
1.35648e-08,1.36054e-08,3.02409e-08,2.94016e-08,1.37669e-08
-80.1955,-90.2215,-97.1591,-96.9146,-90.3239
0,0,0,0,0
103.5,103.459,96.0107,96.183,103.298
321.282,38.9436,290.01,343.606,217.614
82.332,82.497,48.3135,111.784,82.0789
257.71,257.559,18.1049,136.399,258.384
5
1.35886e-08,1.36291e-08,3.025e-08,2.93732e-08,1.37909e-08
-80.2107,-90.2366,-97.1617,-96.9062,-90.3391
0,0,0,0,0
103.476,103.435,96.0089,96.189,103.275
321.359,38.866,290.065,343.586,217.539
81.8971,82.0619,48.5117,111.999,81.645
258.318,258.166,18.8775,137.093,258.99
5
1.36222e-08,1.36629e-08,3.02257e-08,2.93649e-08,1.38244e-08
-80.2322,-90.2581,-97.1548,-96.9038,-90.3602
0,0,0,0,0
103.442,103.401,96.0138,96.1907,103.242
321.298,38.9261,290.119,343.515,217.6
81.4689,81.6336,48.585,112.442,81.2142
258.954,258.803,19.9572,137.986,259.624
5
1.35995e-08,1.364e-08,3.02555e-08,2.93589e-08,1.38019e-08
-80.2177,-90.2435,-97.1633,-96.902,-90.346
0,0,0,0,0
103.465,103.424,96.0078,96.192,103.264
321.401,38.8244,290.091,343.579,217.498
81.693,81.8576,48.6118,112.089,81.4414
258.602,258.451,19.2263,137.412,259.274
5
1.36143e-08,1.36549e-08,3.02411e-08,2.93585e-08,1.38167e-08
-80.2272,-90.253,-97.1592,-96.9019,-90.3553
0,0,0,0,0
103.45,103.409,96.0107,96.1921,103.249
321.357,38.8676,290.113,343.543,217.542
81.523,81.6877,48.6228,112.298,81.2699
258.86,258.71,19.7007,137.797,259.531
5
1.36085e-08,1.36491e-08,3.02409e-08,2.93637e-08,1.38109e-08
-80.2235,-90.2493,-97.1591,-96.9034,-90.3516
0,0,0,0,0
103.456,103.415,96.0107,96.191,103.255
321.347,38.8773,290.101,343.55,217.551
81.6181,81.7828,48.5844,112.241,81.365
258.725,258.575,19.516,137.633,259.397
5
1.36166e-08,1.36573e-08,3.02285e-08,2.93674e-08,1.38188e-08
-80.2286,-90.2545,-97.1556,-96.9045,-90.3566
0,0,0,0,0
103.448,103.407,96.0132,96.1902,103.247
321.303,38.9219,290.109,343.525,217.596
81.5472,81.7119,48.5644,112.374,81.2928
258.84,258.689,19.7768,137.833,259.511
3
3.02075e-08,2.93565e-08,1.38523e-08
-97.1495,-96.9013,-90.3777
0,0,0
96.0174,96.1925,103.215
290.165,343.458,217.643
48.6678,112.801,80.8393
20.8628,138.746,260.169
3
3.02428e-08,2.93299e-08,1.38482e-08
-97.1597,-96.8934,-90.3751
0,0,0
96.0103,96.1981,103.219
290.179,343.505,217.49
48.8378,112.601,80.7565
20.6878,138.682,260.259
3
3.02632e-08,2.93101e-08,1.3851e-08
-97.1655,-96.8876,-90.3769
0,0,0
96.0063,96.2024,103.216
290.197,343.526,217.395
48.9704,112.537,80.6258
20.7497,138.791,260.431
3
3.02378e-08,2.931e-08,1.38763e-08
-97.1582,-96.8875,-90.3927
0,0,0
96.0113,96.2024,103.192
290.233,343.464,217.474
48.9998,112.892,80.3286
21.5647,139.462,260.872
3
3.02405e-08,2.92868e-08,1.39007e-08
-97.159,-96.8807,-90.4079
0,0,0
96.0108,96.2073,103.168
290.285,343.436,217.428
49.1841,113.105,79.9307
22.3062,140.147,261.437
3
3.02415e-08,2.92918e-08,1.38938e-08
-97.1593,-96.8821,-90.4037
0,0,0
96.0106,96.2062,103.175
290.272,343.446,217.433
49.1418,113.037,80.0351
22.0959,139.957,261.288
3
3.02329e-08,2.92714e-08,1.39262e-08
-97.1568,-96.8761,-90.4239
0,0,0
96.0123,96.2106,103.143
290.333,343.394,217.427
95.4016,105.077,40.0968
17.6006,146.78,269.867
3
3.02215e-08,2.92834e-08,1.39236e-08
-97.1535,-96.8796,-90.4222
0,0,0
96.0146,96.208,103.146
290.321,343.384,217.481
55.5965,114.046,72.7991
35.7044,153.603,272.166
3
3.01868e-08,2.93167e-08,1.39193e-08
-97.1436,-96.8895,-90.4196
0,0,0
96.0215,96.2009,103.15
290.291,343.348,217.642
101.003,90.3648,52.5461
39.5462,166.062,298.048
3
3.01661e-08,2.93229e-08,1.39328e-08
-97.1376,-96.8914,-90.428
0,0,0
96.0257,96.1996,103.137
290.306,343.306,217.716
72.8401,103.007,66.4068
55.656,179.408,299.174
3
3.01481e-08,2.93304e-08,1.39422e-08
-97.1324,-96.8936,-90.4338
0,0,0
96.0293,96.198,103.128
290.314,343.272,217.783
93.9582,82.5924,68.4024
64.2455,189.805,318.743
2
3.01423e-08,2.93105e-08
-97.1307,-96.8877
0,0
96.0305,96.2023
290.37,343.228
82.8473,89.7874
76.854,203.057
2
3.01242e-08,2.93029e-08
-97.1255,-96.8854
0,0
96.0341,96.2039
290.415,343.172
86.5998,83.3402
87.9479,214.741
2
3.01071e-08,2.93025e-08
-97.1206,-96.8853
0,0
96.0375,96.204
290.441,343.129
84.7042,84.9674
99.6227,226.555
2
3.00913e-08,2.93165e-08
-97.116,-96.8895
0,0
96.0407,96.201
290.43,343.11
84.9237,84.2755
111.025,238.051
2
3.01198e-08,2.9313e-08
-97.1243,-96.8884
0,0
96.035,96.2017
290.397,343.176
85.0306,84.2653
122.341,249.251
3
3.01215e-08,2.9339e-08,1.39588e-08
-97.1248,-96.8961,-90.4442
0,0,0
96.0346,96.1962,103.112
290.332,343.219,217.878
85.2811,84.1042,75.184
134.002,260.787,26.1327
2
3.00888e-08,2.93548e-08
-97.1153,-96.9008
0,0
96.0412,96.1929
290.341,343.162
85.2735,84.1006
134.12,260.973
2
3.00768e-08,2.93503e-08
-97.1119,-96.8995
0,0
96.0436,96.1938
290.369,343.125
85.2674,84.0982
134.081,260.999
2
3.00735e-08,2.93388e-08
-97.1109,-96.8961
0,0
96.0443,96.1963
290.402,343.1
85.2625,84.0963
133.988,260.966
2
3.00785e-08,2.93653e-08
-97.1123,-96.9039
0,0
96.0433,96.1906
290.331,343.152
85.2729,84.1001
134.2,261.053
2
3.00955e-08,2.93358e-08
-97.1173,-96.8952
0,0
96.0399,96.1969
290.377,343.15
85.27,84.0996
133.97,260.872
2
3.00954e-08,2.93238e-08
-97.1172,-96.8916
0,0
96.0399,96.1994
290.406,343.132
85.2662,84.0982
133.875,260.824
2
3.01077e-08,2.93021e-08
-97.1208,-96.8852
0,0
96.0374,96.204
290.441,343.13
85.264,84.0977
133.707,260.692
2
3.01228e-08,2.93229e-08
-97.1251,-96.8914
0,0
96.0344,96.1996
290.369,343.198
85.2764,84.1026
133.874,260.718
2
3.01184e-08,2.9339e-08
-97.1239,-96.8961
0,0
96.0353,96.1962
290.336,343.211
85.2799,84.1036
134.001,260.799
3
3.01405e-08,2.93481e-08,1.39291e-08
-97.1302,-96.8988,-90.4257
0,0,0
96.0308,96.1943,103.141
290.282,343.28,217.835
85.2914,84.1083,75.1505
134.078,260.753,26.204
3
3.01525e-08,2.93489e-08,1.39161e-08
-97.1337,-96.8991,-90.4176
0,0,0
96.0284,96.1941,103.153
290.263,343.311,217.8
85.2963,84.1103,75.1355
134.087,260.711,26.2294
3
3.01896e-08,2.93132e-08,1.39206e-08
-97.1444,-96.8885,-90.4204
0,0,0
96.021,96.2017,103.149
290.295,343.349,217.627
85.2991,84.1126,75.1361
133.809,260.426,26.1555
3
3.02063e-08,2.93161e-08,1.39006e-08
-97.1492,-96.8893,-90.4079
0,0,0
96.0176,96.2011,103.168
290.264,343.395,217.581
85.3065,84.1157,75.113
133.835,260.374,26.1975
3
3.02298e-08,2.93194e-08,1.38733e-08
-97.1559,-96.8903,-90.3908
0,0,0
96.0129,96.2004,103.194
290.222,343.458,217.513
85.3166,84.12,75.0813
133.864,260.298,26.2536
3
3.02463e-08,2.93144e-08,1.38627e-08
-97.1607,-96.8888,-90.3842
0,0,0
96.0097,96.2014,103.205
290.211,343.491,217.454
85.3213,84.1223,75.0681
133.826,260.215,26.2638
3
3.02482e-08,2.92996e-08,1.38782e-08
-97.1612,-96.8844,-90.3939
0,0,0
96.0093,96.2046,103.19
290.244,343.474,217.425
85.3172,84.121,75.0844
133.708,260.147,26.2075
3
3.0271e-08,2.92786e-08,1.388e-08
-97.1677,-96.8782,-90.395
0,0,0
96.0047,96.2091,103.188
290.261,343.499,217.32
85.3191,84.1226,75.0838
133.544,259.974,26.1644
3
3.02789e-08,2.928e-08,1.38705e-08
-97.17,-96.8786,-90.3891
0,0,0
96.0032,96.2088,103.197
290.246,343.521,217.298
85.3226,84.1241,75.0728
133.555,259.949,26.1843
3
3.0263e-08,2.92849e-08,1.38806e-08
-97.1655,-96.8801,-90.3954
0,0,0
96.0063,96.2077,103.187
290.257,343.489,217.355
85.3181,84.1219,75.0853
133.593,260.031,26.1755
3
3.026e-08,2.93135e-08,1.38502e-08
-97.1646,-96.8886,-90.3764
0,0,0
96.0069,96.2016,103.217
290.193,343.524,217.411
85.3263,84.1246,75.0532
133.82,260.159,26.285
3
3.02922e-08,2.92942e-08,1.38408e-08
-97.1738,-96.8828,-90.3705
0,0,0
96.0005,96.2057,103.226
290.194,343.575,217.279
85.3324,84.128,75.0394
133.669,259.955,26.2654
4
1.36584e-08,3.03074e-08,2.92981e-08,1.38213e-08
-90.2552,-97.1782,-96.884,-90.3582
0,0,0,0
103.406,95.9975,96.2049,103.245
38.5594,290.163,343.618,217.238
74.8422,85.3395,84.1311,75.0167
25.3838,133.701,259.913,26.3087
3
3.02876e-08,2.93e-08,1.38387e-08
-97.1725,-96.8846,-90.3691
0,0,0
96.0014,96.2045,103.228
290.186,343.572,217.303
85.3325,84.1278,75.0376
133.714,259.997,26.2804
3
3.02884e-08,2.92872e-08,1.38528e-08
-97.1728,-96.8808,-90.3779
0,0,0
96.0013,96.2072,103.214
290.216,343.555,217.28
85.3286,84.1266,75.0526
133.613,259.942,26.2303
3
3.02711e-08,2.93109e-08,1.38423e-08
-97.1678,-96.8878,-90.3714
0,0,0
96.0047,96.2022,103.225
290.184,343.547,217.371
85.3298,84.1262,75.0433
133.8,260.105,26.2946
3
3.02871e-08,2.92844e-08,1.38572e-08
-97.1724,-96.8799,-90.3807
0,0,0
96.0015,96.2078,103.21
290.224,343.548,217.279
85.3272,84.126,75.0576
133.591,259.935,26.2169
3
3.02768e-08,2.92947e-08,1.38554e-08
-97.1694,-96.883,-90.3796
0,0,0
96.0036,96.2056,103.212
290.214,343.537,217.328
85.3266,84.1254,75.0568
133.672,260.018,26.2399
3
3.02799e-08,2.92786e-08,1.38711e-08
-97.1703,-96.8782,-90.3895
0,0,0
96.003,96.209,103.197
290.248,343.521,217.293
85.3225,84.1241,75.0733
133.544,259.94,26.1806
3
3.02707e-08,2.92651e-08,1.3896e-08
-97.1677,-96.8742,-90.405
0,0,0
96.0048,96.2119,103.173
290.294,343.479,217.3
85.3146,84.121,75.1008
133.437,259.921,26.1101
3
3.02513e-08,2.92551e-08,1.39269e-08
-97.1621,-96.8713,-90.4243
0,0,0
96.0087,96.214,103.143
290.345,343.416,217.344
85.3926,81.8932,77.7002
133.104,260.115,26.2166
2
3.02487e-08,2.92296e-08
-97.1614,-96.8637
0,0
96.0092,96.2195
290.41,343.371
86.8264,85.7701
121.909,248.121
2
3.02551e-08,2.92236e-08
-97.1632,-96.8619
0,0
96.0079,96.2208
290.416,343.378
90.5445,84.2279
110.004,235.892
2
3.02747e-08,2.92214e-08
-97.1688,-96.8612
0,0
96.004,96.2213
290.393,343.423
91.099,90.1432
98.3417,224.031
3
3.02968e-08,2.92163e-08,1.39272e-08
-97.1751,-96.8597,-90.4245
0,0,0
95.9996,96.2223,103.142
290.373,343.471,217.141
91.263,94.1347,57.4557
86.1626,212.006,338.887
3
3.0301e-08,2.92237e-08,1.39143e-08
-97.1764,-96.8619,-90.4165
0,0,0
95.9988,96.2208,103.155
290.349,343.492,217.14
86.7227,101.522,53.4656
75.2482,200.907,323.557
3
3.02938e-08,2.92303e-08,1.39138e-08
-97.1743,-96.8639,-90.4161
0,0,0
96.0002,96.2193,103.155
290.344,343.484,217.173
80.8696,107.31,53.183
65.0447,189.59,308.1
3
3.02803e-08,2.9248e-08,1.39064e-08
-97.1704,-96.8691,-90.4115
0,0,0
96.0029,96.2156,103.162
290.321,343.477,217.242
73.0676,112.248,56.4022
55.5011,177.657,293.21
3
3.02618e-08,2.92448e-08,1.39285e-08
-97.1651,-96.8682,-90.4253
0,0,0
96.0066,96.2162,103.141
290.355,343.426,217.295
65.0785,114.992,62.1758
46.1643,165.656,281.031
2
3.02436e-08,2.92453e-08
-97.1599,-96.8683
0,0
96.0102,96.2161
290.38,343.382
57.0299,115.548
36.0021,153.452
3
3.0239e-08,2.92714e-08,1.39202e-08
-97.1586,-96.8761,-90.4201
0,0,0
96.0111,96.2106,103.149
290.324,343.409,217.408
49.3143,113.287,79.6294
22.8976,140.69,261.868
3
3.02095e-08,2.93057e-08,1.39095e-08
-97.1501,-96.8863,-90.4134
0,0,0
96.017,96.2033,103.159
290.284,343.387,217.554
49.0799,113.336,79.9049
22.6463,140.371,261.489
3
3.02326e-08,2.92908e-08,1.39039e-08
-97.1567,-96.8819,-90.41
0,0,0
96.0124,96.2064,103.165
290.287,343.422,217.459
49.164,113.172,79.9092
22.4216,140.231,261.472
3
3.02212e-08,2.92683e-08,1.39415e-08
-97.1535,-96.8752,-90.4334
0,0,0
96.0147,96.2112,103.129
290.357,343.361,217.458
49.3763,113.564,79.3536
23.5878,141.28,262.268
3
3.02394e-08,2.92707e-08,1.39206e-08
-97.1587,-96.8759,-90.4204
0,0,0
96.011,96.2107,103.149
290.325,343.409,217.406
49.3199,113.289,79.6206
22.9104,140.703,261.88
3
3.0266e-08,2.92696e-08,1.38954e-08
-97.1663,-96.8756,-90.4047
0,0,0
96.0057,96.211,103.173
290.29,343.474,217.321
49.2848,112.934,79.9193
22.0905,140.021,261.441
3
3.0248e-08,2.92559e-08,1.39293e-08
-97.1612,-96.8715,-90.4258
0,0,0
96.0093,96.2139,103.14
290.348,343.409,217.355
49.4278,113.322,79.4549
23.1469,140.949,262.115
3
3.02405e-08,2.92732e-08,1.39166e-08
-97.159,-96.8766,-90.4179
0,0,0
96.0108,96.2102,103.153
290.318,343.416,217.406
49.2969,113.248,79.68
22.7868,140.591,261.795
3
3.02575e-08,2.9285e-08,1.38859e-08
-97.1639,-96.8801,-90.3987
0,0,0
96.0074,96.2077,103.182
290.265,343.475,217.372
49.1734,112.888,80.1
21.8217,139.75,261.186
3
3.0262e-08,2.92597e-08,1.39109e-08
-97.1652,-96.8726,-90.4143
0,0,0
96.0065,96.2131,103.158
290.319,343.449,217.318
49.3714,113.091,79.6926
22.5627,140.446,261.768
2
3.02588e-08,2.92348e-08
-97.1642,-96.8652
0,0
96.0072,96.2184
290.383,343.404
49.5847,113.387
23.5275,141.337
2
3.02636e-08,2.92274e-08
-97.1656,-96.863
0,0
96.0062,96.22
290.394,343.405
49.6377,113.395
23.6261,141.445
3
3.02836e-08,2.92352e-08,1.39182e-08
-97.1714,-96.8653,-90.4189
0,0,0
96.0022,96.2183,103.151
290.347,343.466,217.212
49.5369,113.047,79.5049
22.7233,140.657,262.03
3
3.0248e-08,2.92668e-08,1.39165e-08
-97.1612,-96.8747,-90.4178
0,0,0
96.0093,96.2116,103.153
290.322,343.425,217.373
49.3364,113.21,79.6546
22.7654,140.593,261.828
3
3.02654e-08,2.92873e-08,1.38753e-08
-97.1661,-96.8808,-90.3921
0,0,0
96.0058,96.2072,103.192
290.248,343.498,217.352
49.1447,112.754,80.2349
21.4871,139.466,260.988
3
3.02438e-08,2.92913e-08,1.38922e-08
-97.1599,-96.882,-90.4027
0,0,0
96.0102,96.2064,103.176
290.27,343.451,217.425
49.1425,113.012,80.0523
22.042,139.914,261.262
3
3.02582e-08,2.92682e-08,1.39049e-08
-97.1641,-96.8751,-90.4106
0,0,0
96.0073,96.2113,103.164
290.304,343.452,217.343
49.3085,113.056,79.8005
22.3913,140.276,261.615
3
3.0281e-08,2.92733e-08,1.38762e-08
-97.1706,-96.8767,-90.3926
0,0,0
96.0027,96.2102,103.192
290.259,343.516,217.281
49.2358,112.688,80.1614
21.4834,139.505,261.085
3
3.02712e-08,2.92637e-08,1.38972e-08
-97.1678,-96.8738,-90.4057
0,0,0
96.0047,96.2122,103.171
290.296,343.478,217.296
49.3249,112.924,79.873
22.1315,140.073,261.505
3
3.02951e-08,2.92352e-08,1.39066e-08
-97.1747,-96.8654,-90.4117
0,0,0
95.9999,96.2183,103.162
290.33,343.495,217.176
49.5185,112.89,79.6413
22.3551,140.347,261.828
3
3.03253e-08,2.92135e-08,1.39022e-08
-97.1833,-96.8589,-90.4089
0,0,0
95.9939,96.2229,103.167
290.339,343.537,217.048
49.6492,112.703,79.6034
22.1507,140.242,261.87
2
3.03134e-08,2.91935e-08
-97.1799,-96.853
0,0
95.9963,96.2272
290.404,343.478
49.8269,113.058
23.1927,141.185
3
3.03176e-08,2.92172e-08,1.39055e-08
-97.1811,-96.86,-90.411
0,0,0
95.9955,96.2222,103.163
290.341,343.524,217.078
49.6306,112.769,79.5799
22.2667,140.328,261.908
3
3.03239e-08,2.92417e-08,1.38707e-08
-97.1829,-96.8673,-90.3892
0,0,0
95.9942,96.2169,103.197
290.274,343.575,217.097
49.4337,112.436,80.0816
21.24,139.396,261.175
3
3.03535e-08,2.92212e-08,1.38655e-08
-97.1914,-96.8612,-90.3859
0,0,0
95.9884,96.2213,103.202
290.28,343.618,216.972
49.5615,112.25,80.0482
21.0317,139.283,261.206
3
3.03808e-08,2.92038e-08,1.38589e-08
-97.1992,-96.856,-90.3818
0,0,0
95.9829,96.225,103.208
290.283,343.66,216.858
49.6694,112.063,80.0424
20.7917,139.133,261.198
3
3.03697e-08,2.91962e-08,1.38787e-08
-97.196,-96.8537,-90.3942
0,0,0
95.9851,96.2266,103.189
290.317,343.621,216.881
49.7337,112.286,79.7936
21.3772,139.644,261.571
3
3.03735e-08,2.91739e-08,1.3901e-08
-97.1971,-96.8471,-90.4081
0,0,0
95.9844,96.2314,103.168
290.364,343.598,216.835
49.8981,112.455,79.4543
21.9989,140.233,262.069
3
3.04069e-08,2.9153e-08,1.38927e-08
-97.2067,-96.8409,-90.4029
0,0,0
95.9778,96.2359,103.176
290.367,343.65,216.697
50.022,112.222,79.4606
21.685,140.03,262.046
3
3.04034e-08,2.91566e-08,1.38919e-08
-97.2057,-96.8419,-90.4025
0,0,0
95.9785,96.2351,103.176
290.363,343.646,216.714
49.9984,112.233,79.4838
21.6715,140.008,262.013
2
3.03973e-08,2.91326e-08
-97.2039,-96.8348
0,0
95.9797,96.2403
290.429,343.595
50.1859,112.537
22.6259,140.89
2
3.03755e-08,2.91342e-08
-97.1977,-96.8353
0,0
95.984,96.24
290.456,343.543
50.2039,112.804
23.2308,141.402
2
3.03672e-08,2.91225e-08
-97.1953,-96.8318
0,0
95.9856,96.2425
290.496,343.505
50.3109,113.015
23.8545,141.975
2
3.04005e-08,2.90954e-08
-97.2048,-96.8237
0,0
95.9791,96.2483
290.513,343.548
50.472,112.832
23.7119,141.937
2
3.04224e-08,2.90648e-08
-97.2111,-96.8146
0,0
95.9747,96.2549
290.554,343.557
50.6789,112.821
24.0132,142.294
2
3.04385e-08,2.90728e-08
-97.2157,-96.8169
0,0
95.9716,96.2532
290.512,343.609
50.5924,112.552
23.2942,141.646
2
3.04325e-08,2.90632e-08
-97.214,-96.8141
0,0
95.9728,96.2553
290.544,343.579
50.6759,112.71
23.7686,142.087
2
3.04583e-08,2.90314e-08
-97.2213,-96.8046
0,0
95.9677,96.2621
290.583,343.596
50.8842,112.657
23.9842,142.374
2
3.04821e-08,2.90364e-08
-97.2281,-96.8061
0,0
95.963,96.2611
290.537,343.663
50.8132,112.324
23.1488,141.63
2
3.04591e-08,2.90489e-08
-97.2216,-96.8098
0,0
95.9675,96.2583
290.54,343.624
50.7473,112.501
23.4281,141.835
2
3.04524e-08,2.90573e-08
-97.2197,-96.8123
0,0
95.9688,96.2565
290.53,343.62
50.6927,112.513
23.3677,141.757
2
3.04676e-08,2.90252e-08
-97.224,-96.8027
0,0
95.9658,96.2635
290.584,343.61
50.9177,112.595
23.9016,142.32
2
3.04823e-08,2.9009e-08
-97.2282,-96.7979
0,0
95.963,96.267
290.602,343.622
51.0212,112.549
23.9663,142.427
2
3.04968e-08,2.89972e-08
-97.2323,-96.7943
0,0
95.9601,96.2695
290.609,343.641
51.0907,112.468
23.9032,142.408
2
3.04561e-08,2.90341e-08
-97.2207,-96.8054
0,0
95.9681,96.2615
290.579,343.594
50.8666,112.663
23.9679,142.351
2
3.04825e-08,2.90018e-08
-97.2282,-96.7957
0,0
95.9629,96.2685
290.618,343.612
51.0764,112.604
24.1739,142.632
2
3.04978e-08,2.90067e-08
-97.2326,-96.7972
0,0
95.9599,96.2675
290.585,343.658
51.0168,112.379
23.5912,142.105
2
3.0492e-08,2.9019e-08
-97.2309,-96.8009
0,0
95.961,96.2648
290.564,343.662
50.9316,112.348
23.3898,141.892
2
3.04847e-08,2.90045e-08
-97.2289,-96.7965
0,0
95.9625,96.268
290.609,343.621
51.0525,112.556
24.0319,142.499
2
3.05023e-08,2.90127e-08
-97.2339,-96.799
0,0
95.959,96.2662
290.564,343.678
50.9659,112.275
23.2846,141.819
2
3.04744e-08,2.90298e-08
-97.2259,-96.8041
0,0
95.9645,96.2625
290.564,343.634
50.873,112.474
23.5696,142.016
2
3.05079e-08,2.89996e-08
-97.2355,-96.795
0,0
95.9579,96.269
290.588,343.672
51.0578,112.316
23.519,142.064
2
3.04784e-08,2.90247e-08
-97.2271,-96.8026
0,0
95.9637,96.2636
290.57,343.636
50.9065,112.467
23.608,142.065
2
3.04928e-08,2.90255e-08
-97.2312,-96.8028
0,0
95.9609,96.2634
290.547,343.673
50.8816,112.284
23.171,141.682
2
3.05318e-08,2.89931e-08
-97.2423,-96.7931
0,0
95.9532,96.2704
290.569,343.722
51.0782,112.081
23.0405,141.665
2
3.05594e-08,2.89569e-08
-97.2501,-96.7823
0,0
95.9478,96.2783
290.615,343.737
51.313,112.042
23.3325,142.028
2
3.05507e-08,2.89631e-08
-97.2476,-96.7841
0,0
95.9496,96.277
290.613,343.724
51.2771,112.097
23.3942,142.064
2
3.05578e-08,2.89635e-08
-97.2497,-96.7843
0,0
95.9482,96.2769
290.602,343.743
51.2662,112.008
23.1837,141.877
2
3.05729e-08,2.89721e-08
-97.254,-96.7868
0,0
95.9452,96.275
290.56,343.793
51.1911,111.761
22.5226,141.274
2
3.06007e-08,2.89422e-08
-97.2619,-96.7778
0,0
95.9398,96.2815
290.592,343.818
51.38,111.673
22.6329,141.456
2
3.0563e-08,2.89785e-08
-97.2512,-96.7887
0,0
95.9471,96.2736
290.559,343.778
51.1538,111.826
22.6053,141.327
2
3.05772e-08,2.89639e-08
-97.2552,-96.7844
0,0
95.9444,96.2768
290.574,343.792
51.2458,111.777
22.6449,141.404
2
3.05811e-08,2.89701e-08
-97.2563,-96.7862
0,0
95.9436,96.2754
290.554,343.811
51.1993,111.68
22.3599,141.137
2
3.05591e-08,2.89844e-08
-97.25,-96.7905
0,0
95.9479,96.2723
290.551,343.777
51.1152,111.825
22.5427,141.256
2
3.05779e-08,2.89945e-08
-97.2554,-96.7935
0,0
95.9443,96.2701
290.5,343.839
51.0322,111.516
21.7335,140.524
3
3.05767e-08,2.90198e-08,1.38833e-08
-97.255,-96.8011,-90.3971
0,0,0
95.9445,96.2646,103.185
290.442,343.874,215.955
50.8612,111.314,79.0321
21.0166,139.836,262.63
3
3.05537e-08,2.90364e-08,1.38862e-08
-97.2485,-96.8061,-90.3989
0,0,0
95.949,96.261,103.182
290.435,343.841,216.054
50.7571,111.449,79.0675
21.1482,139.904,262.584
3
3.0592e-08,2.90054e-08,1.38854e-08
-97.2594,-96.7968,-90.3984
0,0,0
95.9415,96.2678,103.183
290.455,343.891,215.885
50.953,111.253,78.9574
21.0302,139.887,262.741
2
3.06206e-08,2.89792e-08
-97.2675,-96.7889
0,0
95.9359,96.2735
290.476,343.923
51.1199,111.136
21.0386,139.965
2
3.06232e-08,2.89622e-08
-97.2682,-96.7839
0,0
95.9354,96.2771
290.513,343.904
51.231,111.246
21.4582,140.374
2
3.06573e-08,2.89445e-08
-97.2779,-96.7786
0,0
95.9288,96.281
290.507,343.963
51.3388,110.992
21.0717,140.086
2
3.06405e-08,2.89527e-08
-97.2731,-96.781
0,0
95.9321,96.2792
290.511,343.933
51.289,111.122
21.2766,140.242
2
3.0671e-08,2.89263e-08
-97.2818,-96.7731
0,0
95.9261,96.285
290.53,343.97
51.4545,110.981
21.2323,140.274
2
3.06949e-08,2.8893e-08
-97.2885,-96.7631
0,0
95.9215,96.2923
290.575,343.98
51.665,110.971
21.5487,140.64
2
3.07306e-08,2.8871e-08
-97.2986,-96.7565
0,0
95.9146,96.2971
290.577,344.036
51.7998,110.736
21.2481,140.434
2
3.07449e-08,2.88418e-08
-97.3027,-96.7477
0,0
95.9118,96.3035
290.626,344.028
51.9828,110.798
21.6828,140.894
2
3.07404e-08,2.88636e-08
-97.3014,-96.7542
0,0
95.9127,96.2987
290.58,344.05
51.8454,110.682
21.203,140.413
2
3.07421e-08,2.88897e-08
-97.3019,-96.7621
0,0
95.9124,96.293
290.517,344.093
51.685,110.46
20.4506,139.687
2
3.07395e-08,2.88886e-08
-97.3012,-96.7618
0,0
95.9129,96.2932
290.523,344.085
51.6911,110.497
20.5439,139.771
2
3.07391e-08,2.8884e-08
-97.301,-96.7604
0,0
95.913,96.2942
290.535,344.077
51.7192,110.539
20.6808,139.902
2
3.07414e-08,2.88802e-08
-97.3017,-96.7592
0,0
95.9125,96.295
290.54,344.077
51.7426,110.542
20.7253,139.951
2
3.07392e-08,2.88876e-08
-97.3011,-96.7615
0,0
95.9129,96.2934
290.526,344.082
51.697,110.509
20.5785,139.804
2
3.07142e-08,2.89147e-08
-97.294,-96.7696
0,0
95.9178,96.2875
290.497,344.06
51.527,110.577
20.4547,139.627
2
3.07188e-08,2.89132e-08
-97.2953,-96.7691
0,0
95.9169,96.2878
290.494,344.069
51.5374,110.537
20.3831,139.568
2
3.06979e-08,2.89197e-08
-97.2894,-96.7711
0,0
95.9209,96.2864
290.508,344.027
51.4946,110.724
20.7284,139.852
2
3.06962e-08,2.89257e-08
-97.2889,-96.7729
0,0
95.9213,96.2851
290.496,344.032
51.457,110.695
20.6045,139.729
2
3.07315e-08,2.88962e-08
-97.2989,-96.7641
0,0
95.9144,96.2915
290.516,344.076
51.643,110.528
20.5342,139.743
2
3.07504e-08,2.88684e-08
-97.3042,-96.7557
0,0
95.9108,96.2976
290.555,344.082
51.8163,110.533
20.8254,140.069
2
3.07416e-08,2.88574e-08
-97.3017,-96.7524
0,0
95.9125,96.3
290.593,344.043
51.8846,110.717
21.3436,140.554
2
3.0729e-08,2.88686e-08
-97.2982,-96.7557
0,0
95.9149,96.2976
290.585,344.029
51.8149,110.772
21.3538,140.533
2
3.07475e-08,2.88531e-08
-97.3034,-96.7511
0,0
95.9113,96.301
290.595,344.052
51.9109,110.683
21.3115,140.536
2
3.07139e-08,2.88789e-08
-97.2939,-96.7588
0,0
95.9178,96.2953
290.582,344.006
51.7519,110.864
21.454,140.594
2
3.07372e-08,2.88592e-08
-97.3005,-96.7529
0,0
95.9133,96.2996
290.595,344.035
51.8734,110.752
21.4035,140.602
2
3.07072e-08,2.8878e-08
-97.292,-96.7586
0,0
95.9191,96.2955
290.593,343.988
51.7587,110.947
21.6474,140.767
2
3.07292e-08,2.88915e-08
-97.2983,-96.7626
0,0
95.9149,96.2926
290.531,344.063
51.6718,110.591
20.7204,139.918
2
3.07095e-08,2.89012e-08
-97.2927,-96.7655
0,0
95.9187,96.2905
290.535,344.029
51.6111,110.739
20.9498,140.094
2
3.07083e-08,2.88976e-08
-97.2923,-96.7645
0,0
95.9189,96.2912
290.545,344.02
51.6333,110.781
21.0781,140.215
2
3.06848e-08,2.89037e-08
-97.2857,-96.7663
0,0
95.9235,96.2899
290.564,343.97
51.598,111.002
21.5106,140.578
2
3.06652e-08,2.88897e-08
-97.2802,-96.7621
0,0
95.9273,96.293
290.624,343.901
51.6981,111.334
22.4037,141.402
2
3.06478e-08,2.88745e-08
-97.2752,-96.7575
0,0
95.9306,96.2963
290.685,343.834
51.815,111.647
23.2798,142.221
2
3.0617e-08,2.89023e-08
-97.2665,-96.7659
0,0
95.9366,96.2902
290.663,343.799
95.1471,103.332
18.4237,146.861
2
3.06243e-08,2.88969e-08
-97.2685,-96.7642
0,0
95.9352,96.2914
290.666,343.809
57.5829,112.084
35.3247,154.4
2
3.05946e-08,2.89084e-08
-97.2601,-96.7677
0,0
95.941,96.2889
290.68,343.752
100.076,89.7296
40.119,166.343
2
3.06018e-08,2.88971e-08
-97.2622,-96.7643
0,0
95.9396,96.2914
290.697,343.753
73.5392,101.702
55.038,179.058
2
3.05929e-08,2.89249e-08
-97.2596,-96.7727
0,0
95.9413,96.2853
290.644,343.773
93.2761,82.8847
63.1855,188.65
2
3.06028e-08,2.89445e-08
-97.2624,-96.7785
0,0
95.9394,96.281
290.583,343.827
82.8057,89.5088
74.8228,200.698
2
3.059e-08,2.89277e-08
-97.2588,-96.7735
0,0
95.9419,96.2847
290.641,343.769
86.4974,83.4932
85.7395,212.162
2
3.06007e-08,2.89053e-08
-97.2618,-96.7668
0,0
95.9398,96.2895
290.679,343.762
84.719,84.9637
97.0519,223.592
2
3.05649e-08,2.89286e-08
-97.2517,-96.7738
0,0
95.9468,96.2845
290.675,343.708
84.9667,84.2975
108.38,235.046
2
3.05837e-08,2.89361e-08
-97.257,-96.776
0,0
95.9431,96.2828
290.63,343.766
85.0784,84.2891
119.575,246.12
2
3.05745e-08,2.89169e-08
-97.2544,-96.7703
0,0
95.9449,96.287
290.689,343.714
85.3128,84.1335
130.691,257.328
2
3.05913e-08,2.89001e-08
-97.2592,-96.7652
0,0
95.9416,96.2907
290.705,343.731
85.3133,84.1344
130.557,257.193
2
3.06154e-08,2.88994e-08
-97.266,-96.765
0,0
95.9369,96.2908
290.672,343.79
85.3217,84.1392
130.543,257.087
2
3.062e-08,2.89049e-08
-97.2673,-96.7666
0,0
95.936,96.2896
290.653,343.81
85.3252,84.1409
130.583,257.087
2
3.06241e-08,2.88958e-08
-97.2685,-96.7639
0,0
95.9352,96.2916
290.668,343.807
85.3236,84.1404
130.512,257.035
2
3.06242e-08,2.89237e-08
-97.2685,-96.7723
0,0
95.9352,96.2855
290.602,343.849
85.333,84.1444
130.726,257.14
2
3.06339e-08,2.89107e-08
-97.2713,-96.7684
0,0
95.9333,96.2884
290.619,343.854
85.3321,84.1445
130.623,257.049
2
3.0596e-08,2.89437e-08
-97.2605,-96.7783
0,0
95.9407,96.2812
290.595,343.808
85.3295,84.1414
130.889,257.337
2
3.05873e-08,2.89702e-08
-97.2581,-96.7863
0,0
95.9424,96.2754
290.544,343.826
85.3352,84.1433
131.096,257.475
2
3.05771e-08,2.89466e-08
-97.2551,-96.7792
0,0
95.9444,96.2805
290.615,343.766
85.3236,84.1381
130.918,257.429
2
3.05648e-08,2.89433e-08
-97.2516,-96.7782
0,0
95.9468,96.2813
290.64,343.73
85.318,84.1352
130.896,257.469
2
3.05548e-08,2.89223e-08
-97.2488,-96.7719
0,0
95.9488,96.2858
290.704,343.673
85.3075,84.1303
130.738,257.432
2
3.05821e-08,2.88942e-08
-97.2566,-96.7634
0,0
95.9434,96.292
290.732,343.699
85.308,84.1318
130.515,257.21
2
3.05508e-08,2.89067e-08
-97.2477,-96.7672
0,0
95.9495,96.2892
290.747,343.639
85.3009,84.1273
130.62,257.391
2
3.0566e-08,2.88991e-08
-97.252,-96.7649
0,0
95.9466,96.2909
290.743,343.666
85.3039,84.1293
130.557,257.298
2
3.0577e-08,2.88944e-08
-97.2551,-96.7635
0,0
95.9444,96.2919
290.739,343.687
85.3063,84.1308
130.518,257.233
2
3.05511e-08,2.8911e-08
-97.2477,-96.7685
0,0
95.9495,96.2883
290.736,343.646
85.3024,84.128
130.652,257.406
2
3.05714e-08,2.88805e-08
-97.2535,-96.7593
0,0
95.9455,96.295
290.78,343.651
85.2997,84.1277
130.414,257.206
2
3.05826e-08,2.88601e-08
-97.2567,-96.7532
0,0
95.9433,96.2994
290.812,343.649
85.297,84.127
130.256,257.083
2
3.05644e-08,2.8841e-08
-97.2515,-96.7474
0,0
95.9469,96.3036
290.884,343.573
85.2842,84.1206
130.116,257.091
2
3.05909e-08,2.88181e-08
-97.2591,-96.7405
0,0
95.9417,96.3087
290.9,343.605
85.2862,84.1225
129.935,256.893
2
3.05778e-08,2.88497e-08
-97.2553,-96.75
0,0
95.9443,96.3017
290.844,343.62
85.2918,84.1245
130.178,257.065
2
3.05542e-08,2.88664e-08
-97.2486,-96.7551
0,0
95.9489,96.2981
290.838,343.587
85.2889,84.1223
130.312,257.228
2
3.05314e-08,2.88576e-08
-97.2422,-96.7524
0,0
95.9533,96.3
290.892,343.515
85.2779,84.1165
130.252,257.294
2
3.05087e-08,2.88755e-08
-97.2357,-96.7578
0,0
95.9578,96.2961
290.882,343.486
85.2756,84.1147
130.394,257.456
2
3.05335e-08,2.88744e-08
-97.2427,-96.7575
0,0
95.9529,96.2963
290.849,343.546
85.2841,84.1193
130.379,257.346
2
3.05466e-08,2.88495e-08
-97.2465,-96.75
0,0
95.9504,96.3018
290.889,343.541
85.2807,84.1183
130.186,257.199
2
3.05337e-08,2.88597e-08
-97.2428,-96.7531
0,0
95.9529,96.2995
290.884,343.525
85.2794,84.1173
130.268,257.291
2
3.0553e-08,2.88355e-08
-97.2483,-96.7458
0,0
95.9491,96.3048
290.913,343.536
85.2784,84.1175
130.079,257.121
2
3.05356e-08,2.88132e-08
-97.2434,-96.7391
0,0
95.9525,96.3097
290.992,343.458
85.265,84.1108
129.916,257.115
2
3.05151e-08,2.88052e-08
-97.2375,-96.7366
0,0
95.9565,96.3115
291.041,343.393
85.5061,81.8346
129.614,257.32
2
3.04869e-08,2.88309e-08
-97.2295,-96.7444
0,0
95.9621,96.3059
291.021,343.361
86.5861,85.7533
119.572,246.42
2
3.05279e-08,2.87935e-08
-97.2412,-96.7331
0,0
95.954,96.3141
291.05,343.408
90.1518,84.2088
108.245,234.766
2
3.05484e-08,2.88111e-08
-97.247,-96.7384
0,0
95.95,96.3102
290.978,343.487
90.5561,89.8619
97.3882,223.567
2
3.05306e-08,2.88198e-08
-97.2419,-96.7411
0,0
95.9535,96.3083
290.983,343.455
90.9579,93.3626
86.2589,212.621
2
3.05296e-08,2.88035e-08
-97.2417,-96.7361
0,0
95.9537,96.3119
291.024,343.428
87.0338,100.079
76.2354,202.577
2
3.05664e-08,2.87726e-08
-97.2521,-96.7268
0,0
95.9465,96.3187
291.044,343.473
81.8568,105.374
66.492,191.959
2
3.05678e-08,2.87495e-08
-97.2525,-96.7198
0,0
95.9462,96.3238
291.097,343.441
75.0363,110.001
57.8851,181.624
2
3.05439e-08,2.87428e-08
-97.2457,-96.7178
0,0
95.9509,96.3253
291.149,343.369
67.8729,113.047
49.5209,171.127
2
3.05428e-08,2.8739e-08
-97.2454,-96.7167
0,0
95.9511,96.3261
291.159,343.361
60.371,114.369
40.2691,159.816
2
3.0536e-08,2.87608e-08
-97.2435,-96.7233
0,0
95.9524,96.3213
291.117,343.377
52.9255,113.617
29.3738,148.17
2
3.05046e-08,2.87893e-08
-97.2345,-96.7318
0,0
95.9586,96.315
291.095,343.342
52.7811,113.795
29.5103,148.2
2
3.05066e-08,2.8806e-08
-97.2351,-96.7369
0,0
95.9582,96.3113
291.052,343.373
52.6298,113.679
29.0109,147.671
2
3.04923e-08,2.88331e-08
-97.231,-96.745
0,0
95.961,96.3054
291.008,343.379
52.4406,113.676
28.6897,147.276
2
3.04894e-08,2.8862e-08
-97.2302,-96.7538
0,0
95.9616,96.299
290.942,343.416
52.2011,113.529
27.9826,146.52
2
3.04923e-08,2.88734e-08
-97.231,-96.7572
0,0
95.961,96.2965
290.911,343.441
52.0972,113.424
27.5866,146.117
2
3.05145e-08,2.88506e-08
-97.2374,-96.7503
0,0
95.9566,96.3015
290.933,343.462
52.2291,113.32
27.5818,146.189
2
3.05221e-08,2.88223e-08
-97.2395,-96.7418
0,0
95.9552,96.3077
290.99,343.437
52.4454,113.413
28.1366,146.798
2
3.05141e-08,2.87984e-08
-97.2372,-96.7346
0,0
95.9567,96.313
291.059,343.38
52.6722,113.642
29.0017,147.689
2
3.04971e-08,2.88017e-08
-97.2324,-96.7356
0,0
95.9601,96.3123
291.076,343.342
52.6981,113.807
29.3971,148.05
2
3.04815e-08,2.88127e-08
-97.2279,-96.7389
0,0
95.9631,96.3099
291.073,343.319
52.6534,113.913
29.5484,148.153
2
3.0511e-08,2.88045e-08
-97.2364,-96.7364
0,0
95.9573,96.3117
291.049,343.382
52.6291,113.639
28.9255,147.596
2
3.05286e-08,2.88137e-08
-97.2414,-96.7392
0,0
95.9539,96.3096
291.001,343.441
52.4999,113.394
28.1859,146.873
2
3.04977e-08,2.88383e-08
-97.2326,-96.7466
0,0
95.9599,96.3042
290.987,343.4
52.3798,113.584
28.3947,146.984
2
3.05082e-08,2.88453e-08
-97.2356,-96.7487
0,0
95.9579,96.3027
290.955,343.438
52.2902,113.424
27.9046,146.505
2
3.05054e-08,2.88406e-08
-97.2347,-96.7473
0,0
95.9584,96.3037
290.97,343.423
52.3378,113.485
28.1135,146.714
2
3.05327e-08,2.88061e-08
-97.2425,-96.7369
0,0
95.9531,96.3113
291.013,343.439
52.5516,113.394
28.2719,146.979
2
3.05472e-08,2.88105e-08
-97.2467,-96.7382
0,0
95.9502,96.3103
290.982,343.483
52.4765,113.209
27.7511,146.48
2
3.05312e-08,2.87972e-08
-97.2421,-96.7342
0,0
95.9534,96.3133
291.037,343.422
52.631,113.463
28.5517,147.271
2
3.05105e-08,2.88156e-08
-97.2362,-96.7398
0,0
95.9574,96.3092
291.023,343.398
52.5358,113.581
28.6448,147.295
2
3.04815e-08,2.88405e-08
-97.228,-96.7473
0,0
95.9631,96.3037
291.006,343.363
52.4097,113.75
28.7965,147.35
2
3.0456e-08,2.88533e-08
-97.2207,-96.7511
0,0
95.9681,96.3009
291.012,343.318
52.3799,113.955
29.1842,147.667
2
3.04359e-08,2.88663e-08
-97.2149,-96.755
0,0
95.9721,96.2981
291.011,343.287
52.333,114.101
29.4148,147.837
2
3.04601e-08,2.88323e-08
-97.2219,-96.7448
0,0
95.9673,96.3055
291.057,343.296
52.5525,114.033
29.635,148.165
2
3.0487e-08,2.88021e-08
-97.2295,-96.7357
0,0
95.962,96.3122
291.09,343.317
52.7279,113.914
29.6734,148.309
2
3.04852e-08,2.87827e-08
-97.229,-96.7298
0,0
95.9624,96.3165
291.139,343.282
52.906,114.039
30.2368,148.913
2
3.04766e-08,2.87593e-08
-97.2266,-96.7228
0,0
95.9641,96.3216
291.208,343.223
53.1478,114.249
31.0896,149.814
2
3.04646e-08,2.87784e-08
-97.2231,-96.7285
0,0
95.9664,96.3174
291.18,343.223
53.0221,114.279
30.941,149.602
2
3.04873e-08,2.87721e-08
-97.2296,-96.7266
0,0
95.962,96.3188
291.162,343.271
52.9931,114.073
30.455,149.159
2
3.05141e-08,2.87516e-08
-97.2372,-96.7205
0,0
95.9567,96.3233
291.172,343.307
53.0788,113.898
30.2294,149.017
2
3.05174e-08,2.87341e-08
-97.2382,-96.7152
0,0
95.9561,96.3272
291.209,343.288
53.2202,113.952
30.5829,149.418
2
3.05192e-08,2.8757e-08
-97.2387,-96.7221
0,0
95.9557,96.3221
291.151,343.329
53.0133,113.815
29.9434,148.724
2
3.05031e-08,2.87462e-08
-97.2341,-96.7188
0,0
95.9589,96.3245
291.201,343.27
53.1658,114.04
30.678,149.466
2
3.05214e-08,2.87452e-08
-97.2393,-96.7185
0,0
95.9553,96.3247
291.176,343.316
53.1089,113.854
30.1872,148.999
2
3.04905e-08,2.87703e-08
-97.2305,-96.7261
0,0
95.9613,96.3192
291.161,343.276
52.9969,114.047
30.4081,149.121
2
3.04737e-08,2.8791e-08
-97.2257,-96.7324
0,0
95.9646,96.3146
291.136,343.266
52.8733,114.116
30.3466,148.987
2
3.04764e-08,2.87822e-08
-97.2265,-96.7297
0,0
95.9641,96.3166
291.153,343.259
52.9421,114.134
30.4989,149.164
2
3.04919e-08,2.87603e-08
-97.2309,-96.7231
0,0
95.9611,96.3214
291.183,343.264
53.0815,114.086
30.6315,149.37
2
3.05098e-08,2.87318e-08
-97.236,-96.7145
0,0
95.9576,96.3277
291.226,343.265
53.2691,114.043
30.8584,149.691
2
3.04859e-08,2.87635e-08
-97.2292,-96.7241
0,0
95.9622,96.3207
291.184,343.254
53.0744,114.131
30.7161,149.44
2
3.04912e-08,2.87855e-08
-97.2307,-96.7307
0,0
95.9612,96.3158
291.124,343.302
52.8597,113.959
29.9904,148.668
2
3.04915e-08,2.88002e-08
-97.2308,-96.7351
0,0
95.9612,96.3126
291.088,343.325
52.7292,113.876
29.5949,148.241
2
3.0495e-08,2.87896e-08
-97.2318,-96.7319
0,0
95.9605,96.3149
291.108,343.318
52.8108,113.897
29.7758,148.45
2
3.04705e-08,2.87913e-08
-97.2248,-96.7325
0,0
95.9653,96.3146
291.14,343.258
52.8823,114.148
30.4293,149.065
2
3.04701e-08,2.87979e-08
-97.2247,-96.7345
0,0
95.9654,96.3131
291.125,343.267
52.8244,114.118
30.2672,148.887
2
3.04784e-08,2.87801e-08
-97.2271,-96.7291
0,0
95.9637,96.317
291.156,343.261
52.9541,114.124
30.499,149.172
2
3.04805e-08,2.87584e-08
-97.2277,-96.7225
0,0
95.9633,96.3218
291.205,343.232
53.1409,114.213
31.0016,149.733
2
3.05119e-08,2.87315e-08
-97.2366,-96.7144
0,0
95.9571,96.3278
291.223,343.27
53.2632,114.022
30.8035,149.639
2
3.05308e-08,2.87421e-08
-97.242,-96.7176
0,0
95.9534,96.3254
291.169,343.335
53.1035,113.771
30.0019,148.833
2
3.05408e-08,2.87258e-08
-97.2448,-96.7127
0,0
95.9515,96.329
291.194,343.335
53.211,113.752
30.1415,149.024
2
3.0535e-08,2.87482e-08
-97.2432,-96.7194
0,0
95.9526,96.3241
291.149,343.355
53.0373,113.696
29.7302,148.553
2
3.0499e-08,2.87745e-08
-97.2329,-96.7274
0,0
95.9597,96.3183
291.139,343.304
52.9297,113.936
30.0593,148.773
2
3.0513e-08,2.8751e-08
-97.2369,-96.7203
0,0
95.9569,96.3234
291.174,343.303
53.0875,113.912
30.2742,149.062
2
3.04989e-08,2.87412e-08
-97.2329,-96.7173
0,0
95.9597,96.3256
291.219,343.252
53.2254,114.108
30.9231,149.719
2
3.05061e-08,2.87213e-08
-97.235,-96.7113
0,0
95.9583,96.33
291.256,343.239
53.3762,114.131
31.2271,150.085
2
3.0541e-08,2.86889e-08
-97.2449,-96.7015
0,0
95.9514,96.3372
291.283,343.277
53.5325,113.929
31.0677,150.048
2
3.054e-08,2.87003e-08
-97.2446,-96.705
0,0
95.9516,96.3347
291.256,343.293
53.4357,113.886
30.8089,149.756
2
3.05321e-08,2.86799e-08
-97.2424,-96.6988
0,0
95.9532,96.3392
291.317,343.24
53.6452,114.06
31.5373,150.537
2
3.05057e-08,2.87069e-08
-97.2348,-96.707
0,0
95.9584,96.3332
291.291,343.215
53.5066,114.202
31.6006,150.5
2
3.04973e-08,2.87225e-08
-97.2324,-96.7117
0,0
95.96,96.3298
291.266,343.218
53.4,114.216
31.4466,150.294
2
3.05064e-08,2.87128e-08
-97.235,-96.7087
0,0
95.9582,96.3319
291.276,343.226
53.451,114.168
31.4336,150.316
2
3.05103e-08,2.87028e-08
-97.2362,-96.7057
0,0
95.9575,96.3341
291.295,343.22
53.5258,114.175
31.5759,150.491
2
3.05438e-08,2.86781e-08
-97.2457,-96.6982
0,0
95.9509,96.3396
291.304,343.267
53.6167,113.951
31.2587,150.272
2
3.05698e-08,2.86608e-08
-97.2531,-96.693
0,0
95.9458,96.3434
291.308,343.307
53.6736,113.771
30.9734,150.057
2
3.05673e-08,2.86796e-08
-97.2524,-96.6987
0,0
95.9463,96.3393
291.266,343.33
53.52,113.708
30.5757,149.605
2
3.05733e-08,2.86874e-08
-97.2541,-96.701
0,0
95.9451,96.3375
291.238,343.358
53.4328,113.609
30.2162,149.23
2
3.05508e-08,2.86947e-08
-97.2477,-96.7033
0,0
95.9495,96.3359
291.254,343.311
53.4467,113.803
30.6525,149.625
2
3.0548e-08,2.87184e-08
-97.2469,-96.7104
0,0
95.9501,96.3307
291.201,343.341
53.2512,113.715
30.1327,149.042
2
3.0537e-08,2.87102e-08
-97.2437,-96.7079
0,0
95.9522,96.3325
291.237,343.3
53.3605,113.869
30.6455,149.563
2
3.05416e-08,2.87307e-08
-97.245,-96.7141
0,0
95.9513,96.3279
291.181,343.344
53.1666,113.719
29.9968,148.868
2
3.05246e-08,2.87142e-08
-97.2402,-96.7092
0,0
95.9547,96.3316
291.246,343.275
53.3696,113.976
30.8875,149.782
2
3.04926e-08,2.87472e-08
-97.2311,-96.7191
0,0
95.9609,96.3243
291.214,343.245
53.1961,114.144
30.9497,149.723
2
3.04675e-08,2.87517e-08
-97.2239,-96.7205
0,0
95.9659,96.3233
291.24,343.188
53.2535,114.382
31.5478,150.284
2
3.0487e-08,2.87415e-08
-97.2295,-96.7174
0,0
95.962,96.3255
291.236,343.222
53.2686,114.23
31.2537,150.037
2
3.04752e-08,2.87546e-08
-97.2261,-96.7214
0,0
95.9644,96.3227
291.222,343.212
53.1965,114.288
31.2538,149.99
2
3.0467e-08,2.87459e-08
-97.2238,-96.7187
0,0
95.966,96.3246
291.255,343.178
53.3086,114.414
31.7092,150.462
2
3.0463e-08,2.87641e-08
-97.2227,-96.7242
0,0
95.9668,96.3206
291.217,343.196
53.1583,114.368
31.3574,150.054
2
3.04978e-08,2.87262e-08
-97.2326,-96.7128
0,0
95.9599,96.3289
291.257,343.225
53.3643,114.192
31.3364,150.173
2
3.04885e-08,2.87178e-08
-97.23,-96.7103
0,0
95.9617,96.3308
291.291,343.188
53.4771,114.326
31.8109,150.665
2
3.04683e-08,2.87498e-08
-97.2242,-96.7199
0,0
95.9657,96.3237
291.243,343.187
53.2674,114.382
31.572,150.315
2
3.04782e-08,2.87416e-08
-97.227,-96.7175
0,0
95.9638,96.3255
291.249,343.199
53.3024,114.32
31.5009,150.276
2
3.04888e-08,2.87439e-08
-97.23,-96.7181
0,0
95.9617,96.325
291.227,343.23
53.2399,114.199
31.1397,149.919
2
3.04708e-08,2.87546e-08
-97.2249,-96.7214
0,0
95.9652,96.3227
291.228,343.201
53.2142,114.333
31.3796,150.111
2
3.0437e-08,2.8792e-08
-97.2153,-96.7327
0,0
95.9719,96.3144
291.188,343.174
53.0075,114.5
31.3817,149.975
2
3.0409e-08,2.88241e-08
-97.2073,-96.7423
0,0
95.9774,96.3073
291.152,343.153
52.8244,114.631
31.3497,149.824
2
3.04134e-08,2.88024e-08
-97.2085,-96.7358
0,0
95.9765,96.3121
291.198,343.13
53.0108,114.697
31.7999,150.339
2
3.04124e-08,2.87836e-08
-97.2082,-96.7301
0,0
95.9767,96.3162
291.245,343.098
53.1924,114.798
32.3179,150.912
2
3.0431e-08,2.87961e-08
-97.2136,-96.7339
0,0
95.973,96.3135
291.187,343.165
52.9943,114.542
31.4478,150.023
2
3.04244e-08,2.87726e-08
-97.2117,-96.7268
0,0
95.9743,96.3187
291.254,343.111
53.2429,114.726
32.2531,150.891
1
2.87692e-08
-96.7258
0
96.3194
343.081
114.84
151.262
1
2.87427e-08
-96.7178
0
96.3253
343.132
114.589
150.993
1
2.87486e-08
-96.7196
0
96.324
343.104
114.714
151.243
2
3.04515e-08,2.87712e-08
-97.2194,-96.7264
0,0
95.969,96.319
291.217,343.178
53.1401,114.452
31.5037,150.17
2
3.04616e-08,2.87719e-08
-97.2223,-96.7266
0,0
95.967,96.3188
291.2,343.205
53.0926,114.343
31.1951,149.869
2
3.04937e-08,2.87374e-08
-97.2314,-96.7162
0,0
95.9607,96.3265
291.236,343.233
53.2798,114.181
31.1686,149.97
2
3.04966e-08,2.87634e-08
-97.2322,-96.724
0,0
95.9602,96.3207
291.169,343.281
53.0367,114.02
30.4176,149.154
2
3.0474e-08,2.87755e-08
-97.2258,-96.7277
0,0
95.9646,96.318
291.173,343.242
53.0114,114.195
30.7438,149.423
2
3.04476e-08,2.88069e-08
-97.2183,-96.7372
0,0
95.9698,96.3111
291.136,343.224
52.8275,114.31
30.6787,149.246
2
3.04794e-08,2.878e-08
-97.2273,-96.729
0,0
95.9635,96.317
291.154,343.263
52.951,114.115
30.473,149.148
2
3.04515e-08,2.88083e-08
-97.2194,-96.7376
0,0
95.969,96.3108
291.127,343.236
52.8005,114.261
30.5307,149.1
2
3.04379e-08,2.8786e-08
-97.2155,-96.7308
0,0
95.9717,96.3157
291.201,343.166
98.8238,99.7149
24.0224,153.827
2
3.04354e-08,2.87763e-08
-97.2148,-96.7279
0,0
95.9722,96.3179
291.229,343.145
59.1955,113.913
42.3288,162.17
2
3.04032e-08,2.87967e-08
-97.2056,-96.7341
0,0
95.9785,96.3134
291.227,343.094
101.995,87.039
45.2278,172.252
2
3.0408e-08,2.88115e-08
-97.207,-96.7385
0,0
95.9776,96.3101
291.184,343.13
74.4843,101.848
59.3462,184.5
2
3.03943e-08,2.88155e-08
-97.2031,-96.7397
0,0
95.9803,96.3092
291.195,343.102
93.7488,81.835
67.0563,193.672
2
3.03606e-08,2.88455e-08
-97.1934,-96.7488
0,0
95.9869,96.3027
291.173,343.063
83.1247,89.2721
78.3688,205.566
2
3.03906e-08,2.88112e-08
-97.202,-96.7384
0,0
95.981,96.3102
291.211,343.085
86.5341,83.2359
88.1144,215.801
1
2.88023e-08
-96.7358
0
96.3121
343.04
84.8234
226.6
1
2.88177e-08
-96.7404
0
96.3088
343.022
84.1904
237.113
1
2.884e-08
-96.7471
0
96.3039
342.994
84.199
247.67
2
3.03189e-08,2.88643e-08
-97.1815,-96.7544
0,0
95.9952,96.2985
291.19,342.986
85.204,84.0772
130.341,258.216
1
2.88356e-08
-96.7458
0
96.3048
343.004
84.0776
258.011
2
3.03459e-08,2.88627e-08
-97.1892,-96.754
0,0
95.9898,96.2989
291.153,343.052
85.2132,84.082
130.326,258.098
2
3.03661e-08,2.88293e-08
-97.195,-96.7439
0,0
95.9859,96.3062
291.204,343.051
85.2099,84.0808
130.072,257.896
1
2.88148e-08
-96.7395
0
96.3094
342.977
84.0749
257.929
1
2.87792e-08
-96.7288
0
96.3172
343.01
84.0759
257.659
1
2.8755e-08
-96.7215
0
96.3226
343.02
84.0758
257.495
1
2.87907e-08
-96.7323
0
96.3147
342.993
84.0751
257.757
1
2.87893e-08
-96.7318
0
96.315
342.947
84.0718
257.824
1
2.87568e-08
-96.722
0
96.3222
342.996
84.0741
257.546
1
2.87546e-08
-96.7214
0
96.3227
342.935
84.0695
257.634
1
2.87729e-08
-96.7269
0
96.3186
342.953
84.0716
257.714
1
2.87786e-08
-96.7286
0
96.3174
342.976
84.0735
257.711
1
2.87559e-08
-96.7218
0
96.3224
342.923
84.0688
257.661
1
2.87342e-08
-96.7152
0
96.3272
342.874
84.0643
257.612
1
2.87662e-08
-96.7249
0
96.3201
342.873
84.0655
257.806
1
2.87586e-08
-96.7226
0
96.3218
342.92
84.0687
257.682
1
2.87844e-08
-96.7304
0
96.3161
342.969
84.0732
257.759
1
2.87953e-08
-96.7336
0
96.3137
342.976
84.0741
257.812
1
2.87762e-08
-96.7279
0
96.3179
342.967
84.0727
257.712
1
2.87752e-08
-96.7276
0
96.3181
342.936
84.0704
257.757
1
2.88011e-08
-96.7354
0
96.3124
342.954
84.0727
257.884
1
2.87897e-08
-96.732
0
96.3149
342.916
84.0695
257.878
1
2.88057e-08
-96.7368
0
96.3114
342.954
84.0729
257.912
1
2.88306e-08
-96.7443
0
96.3059
342.959
84.0742
258.055
1
2.88212e-08
-96.7415
0
96.308
343.015
84.0779
257.905
1
2.88294e-08
-96.7439
0
96.3062
342.998
84.0769
257.984
2
3.03769e-08,2.88139e-08
-97.1981,-96.7393
0,0
95.9837,96.3096
291.225,343.055
85.2089,84.0805
129.955,257.796
2
3.03693e-08,2.88355e-08
-97.1959,-96.7458
0,0
95.9852,96.3049
291.184,343.069
85.213,84.0823
130.118,257.904
2
3.03646e-08,2.88556e-08
-97.1946,-96.7518
0,0
95.9862,96.3004
291.142,343.089
85.2176,84.0844
130.27,257.994
2
3.03903e-08,2.88392e-08
-97.2019,-96.7469
0,0
95.9811,96.304
291.143,343.129
85.4484,81.872
129.899,257.975
2
3.03883e-08,2.88543e-08
-97.2013,-96.7514
0,0
95.9815,96.3007
291.11,343.147
86.5976,85.7065
119.923,247.07
2
3.03679e-08,2.88481e-08
-97.1955,-96.7496
0,0
95.9855,96.3021
291.155,343.086
90.2452,84.1122
109.084,236.014
2
3.03767e-08,2.88317e-08
-97.198,-96.7446
0,0
95.9838,96.3057
291.182,343.082
90.8932,89.5402
98.5165,225.277
2
3.03475e-08,2.88511e-08
-97.1897,-96.7505
0,0
95.9895,96.3014
291.179,343.038
91.4792,92.9765
87.7286,214.7
1
2.88274e-08
-96.7433
0
96.3066
343.021
99.6658
204.957
2
3.03741e-08,2.88458e-08
-97.1973,-96.7489
0,0
95.9843,96.3026
291.152,343.098
82.5418,105.341
68.219,194.331
2
3.03682e-08,2.88221e-08
-97.1956,-96.7417
0,0
95.9854,96.3078
291.218,343.045
75.8107,110.22
60.0343,184.495
2
3.03432e-08,2.88431e-08
-97.1885,-96.7481
0,0
95.9904,96.3032
291.205,343.015
68.3375,113.765
51.7228,173.741
2
3.03736e-08,2.88253e-08
-97.1972,-96.7427
0,0
95.9844,96.3071
291.202,343.064
60.5556,115.342
42.4495,162.038
2
3.03922e-08,2.88414e-08
-97.2025,-96.7476
0,0
95.9807,96.3035
291.135,343.137
52.7328,114.721
31.3842,149.792
2
3.04276e-08,2.88161e-08
-97.2126,-96.7399
0,0
95.9737,96.3091
291.144,343.187
52.8229,114.475
31.0192,149.538
2
3.0439e-08,2.87987e-08
-97.2158,-96.7347
0,0
95.9715,96.3129
291.169,343.189
52.9373,114.445
31.1471,149.725
2
3.0415e-08,2.88261e-08
-97.209,-96.7429
0,0
95.9762,96.3069
291.138,343.171
52.7809,114.557
31.1208,149.598
2
3.04393e-08,2.88101e-08
-97.2159,-96.7381
0,0
95.9714,96.3104
291.141,343.208
52.831,114.381
30.8351,149.384
2
3.04217e-08,2.88061e-08
-97.2109,-96.7369
0,0
95.9749,96.3113
291.177,343.157
52.9404,114.59
31.4581,149.996
2
3.04045e-08,2.88343e-08
-97.206,-96.7454
0,0
95.9783,96.3051
291.134,343.157
52.7478,114.626
31.2113,149.654
2
3.04136e-08,2.8838e-08
-97.2086,-96.7465
0,0
95.9765,96.3043
291.112,343.186
52.6755,114.507
30.841,149.286
2
3.04174e-08,2.88268e-08
-97.2097,-96.7431
0,0
95.9757,96.3068
291.133,343.178
52.7646,114.527
31.0315,149.51
2
3.04251e-08,2.88511e-08
-97.2119,-96.7505
0,0
95.9742,96.3014
291.063,343.236
52.5097,114.309
30.1472,148.58
2
3.04069e-08,2.88628e-08
-97.2067,-96.754
0,0
95.9778,96.2989
291.062,343.208
52.4721,114.442
30.366,148.744
2
3.03932e-08,2.88598e-08
-97.2027,-96.7531
0,0
95.9805,96.2995
291.089,343.168
52.5554,114.61
30.8572,149.221
2
3.03811e-08,2.88857e-08
-97.1993,-96.7609
0,0
95.9829,96.2938
291.045,343.178
52.3609,114.595
30.5048,148.791
2
3.03584e-08,2.8898e-08
-97.1928,-96.7646
0,0
95.9874,96.2911
291.049,343.14
52.3384,114.777
30.8479,149.069
2
3.03707e-08,2.88895e-08
-97.1963,-96.762
0,0
95.985,96.293
291.051,343.158
52.3676,114.689
30.713,148.973
2
3.03449e-08,2.89227e-08
-97.1889,-96.772
0,0
95.9901,96.2858
291.009,343.144
52.1597,114.783
30.568,148.713
2
3.03717e-08,2.89078e-08
-97.1966,-96.7675
0,0
95.9847,96.289
291.005,343.189
52.191,114.57
30.1709,148.395
2
3.04006e-08,2.88929e-08
-97.2049,-96.763
0,0
95.979,96.2923
290.999,343.239
52.2187,114.335
29.7224,148.029
2
3.03943e-08,2.88945e-08
-97.2031,-96.7635
0,0
95.9803,96.2919
291.004,343.225
52.2275,114.396
29.8656,148.158
2
3.0429e-08,2.88644e-08
-97.213,-96.7545
0,0
95.9734,96.2985
291.025,343.266
52.3747,114.189
29.6705,148.084
2
3.04271e-08,2.88727e-08
-97.2124,-96.757
0,0
95.9738,96.2967
291.008,343.275
52.3063,114.16
29.4975,147.892
2
3.04228e-08,2.88499e-08
-97.2112,-96.7501
0,0
95.9747,96.3017
291.069,343.228
52.529,114.34
30.2459,148.678
2
3.04186e-08,2.88483e-08
-97.21,-96.7496
0,0
95.9755,96.302
291.08,343.215
52.5603,114.396
30.4155,148.844
2
3.04428e-08,2.88149e-08
-97.2169,-96.7396
0,0
95.9707,96.3094
291.124,343.224
52.7735,114.318
30.6055,149.147
2
3.04155e-08,2.88437e-08
-97.2091,-96.7482
0,0
95.9761,96.303
291.095,343.2
52.6148,114.455
30.6301,149.065
2
3.04031e-08,2.88691e-08
-97.2056,-96.7559
0,0
95.9785,96.2975
291.052,343.208
52.4284,114.447
30.3048,148.664
2
3.04039e-08,2.8849e-08
-97.2058,-96.7498
0,0
95.9784,96.3019
291.1,343.179
52.6122,114.553
30.8305,149.236
2
3.04262e-08,2.88264e-08
-97.2122,-96.743
0,0
95.974,96.3068
291.121,343.2
52.7326,114.435
30.7833,149.274
2
3.04299e-08,2.88244e-08
-97.2132,-96.7424
0,0
95.9733,96.3073
291.121,343.206
52.7367,114.406
30.7289,149.23
2
3.04089e-08,2.88474e-08
-97.2072,-96.7494
0,0
95.9774,96.3022
291.096,343.189
52.6069,114.507
30.7261,149.142
2
3.04179e-08,2.88414e-08
-97.2098,-96.7476
0,0
95.9756,96.3035
291.097,343.202
52.6266,114.442
30.6224,149.066
2
3.04231e-08,2.88621e-08
-97.2113,-96.7538
0,0
95.9746,96.299
291.04,343.248
52.4169,114.267
29.9059,148.313
2
3.04453e-08,2.88309e-08
-97.2176,-96.7444
0,0
95.9702,96.3058
291.082,343.256
52.618,114.203
30.1024,148.611
2
3.04643e-08,2.88277e-08
-97.2231,-96.7434
0,0
95.9665,96.3066
291.062,343.299
52.5788,114.014
29.6379,148.184
2
3.04648e-08,2.88383e-08
-97.2232,-96.7466
0,0
95.9664,96.3042
291.035,343.317
52.4835,113.947
29.338,147.865
2
3.04766e-08,2.88246e-08
-97.2266,-96.7425
0,0
95.9641,96.3072
291.051,343.326
52.5646,113.898
29.3678,147.941
2
3.04835e-08,2.88073e-08
-97.2285,-96.7373
0,0
95.9627,96.311
291.082,343.316
52.6935,113.921
29.6317,148.251
2
3.05133e-08,2.87729e-08
-97.237,-96.7269
0,0
95.9569,96.3186
291.121,343.338
52.8953,113.793
29.6976,148.435
2
3.05139e-08,2.87815e-08
-97.2372,-96.7295
0,0
95.9568,96.3167
291.1,343.353
52.8183,113.739
29.4536,148.174
2
3.05446e-08,2.87519e-08
-97.2459,-96.7205
0,0
95.9507,96.3233
291.126,343.385
52.9751,113.575
29.3668,148.195
2
3.05597e-08,2.8755e-08
-97.2502,-96.7215
0,0
95.9478,96.3226
291.096,343.429
52.9035,113.398
28.8691,147.713
2
3.05529e-08,2.87839e-08
-97.2483,-96.7302
0,0
95.9491,96.3162
291.037,343.456
52.6814,113.307
28.3013,147.082
2
3.05412e-08,2.88016e-08
-97.2449,-96.7356
0,0
95.9514,96.3123
291.012,343.454
52.5662,113.329
28.1569,146.887
2
3.05345e-08,2.88144e-08
-97.243,-96.7394
0,0
95.9527,96.3095
290.991,343.457
52.4778,113.325
28.001,146.699
2
3.05419e-08,2.8801e-08
-97.2451,-96.7354
0,0
95.9513,96.3124
291.012,343.455
52.5687,113.324
28.1508,146.884
2
3.05462e-08,2.87941e-08
-97.2464,-96.7333
0,0
95.9504,96.314
291.022,343.455
52.615,113.319
28.2173,146.969
2
3.05252e-08,2.88115e-08
-97.2404,-96.7385
0,0
95.9545,96.3101
291.011,343.429
52.5275,113.444
28.339,147.023
2
3.05031e-08,2.88454e-08
-97.2341,-96.7487
0,0
95.9589,96.3027
290.962,343.425
52.3039,113.481
28.0479,146.637
2
3.05154e-08,2.88593e-08
-97.2376,-96.7529
0,0
95.9565,96.2996
290.911,343.478
52.1544,113.254
27.3177,145.917
2
3.0504e-08,2.88789e-08
-97.2344,-96.7588
0,0
95.9587,96.2953
290.881,343.479
52.0207,113.254
27.0989,145.651
2
3.05036e-08,2.88562e-08
-97.2342,-96.752
0,0
95.9588,96.3003
290.936,343.443
52.2108,113.407
27.7368,146.313
2
3.05025e-08,2.88806e-08
-97.2339,-96.7594
0,0
95.959,96.295
290.879,343.478
52.0101,113.26
27.0943,145.641
2
3.0528e-08,2.88566e-08
-97.2412,-96.7521
0,0
95.954,96.3002
290.899,343.505
52.1453,113.13
27.0366,145.668
2
3.0503e-08,2.88709e-08
-97.2341,-96.7564
0,0
95.9589,96.2971
290.901,343.464
52.0898,113.319
27.3503,145.908
2
3.04878e-08,2.88731e-08
-97.2298,-96.7571
0,0
95.9619,96.2966
290.918,343.429
52.1118,113.476
27.722,146.242
2
3.04983e-08,2.88778e-08
-97.2327,-96.7585
0,0
95.9598,96.2956
290.892,343.463
52.044,113.326
27.291,145.83
2
3.04825e-08,2.88989e-08
-97.2282,-96.7648
0,0
95.9629,96.291
290.864,343.455
51.9084,113.365
27.153,145.633
2
3.04866e-08,2.89108e-08
-97.2294,-96.7684
0,0
95.9621,96.2884
290.83,343.484
51.799,113.237
26.7001,145.181
2
3.04592e-08,2.89154e-08
-97.2216,-96.7698
0,0
95.9675,96.2874
290.859,343.422
51.8309,113.522
27.3631,145.77
2
3.04537e-08,2.891e-08
-97.22,-96.7682
0,0
95.9686,96.2885
290.88,343.4
51.8923,113.622
27.675,146.073
2
3.0438e-08,2.89025e-08
-97.2156,-96.7659
0,0
95.9717,96.2902
290.92,343.349
52.004,113.85
28.3439,146.714
2
3.04556e-08,2.88911e-08
-97.2206,-96.7625
0,0
95.9682,96.2927
290.922,343.375
52.05,113.725
28.1518,146.576
2
3.04589e-08,2.88824e-08
-97.2215,-96.7599
0,0
95.9675,96.2946
290.938,343.37
52.1156,113.742
28.2972,146.741
2
3.04658e-08,2.88562e-08
-97.2235,-96.752
0,0
95.9662,96.3003
290.991,343.347
52.3228,113.829
28.8225,147.32
2
3.04542e-08,2.88458e-08
-97.2202,-96.7489
0,0
95.9685,96.3026
291.033,343.302
52.4527,114.02
29.4413,147.935
2
3.04236e-08,2.88546e-08
-97.2114,-96.7515
0,0
95.9745,96.3007
291.057,343.237
52.484,114.306
30.0987,148.522
2
3.04101e-08,2.88512e-08
-97.2076,-96.7505
0,0
95.9772,96.3014
291.085,343.198
52.5676,114.473
30.5901,148.999
2
3.03864e-08,2.8844e-08
-97.2008,-96.7483
0,0
95.9818,96.303
291.138,343.126
52.7336,114.77
31.4882,149.882
2
3.03772e-08,2.88748e-08
-97.1982,-96.7576
0,0
95.9837,96.2962
291.077,343.151
52.4806,114.702
30.9254,149.23
2
3.04005e-08,2.88439e-08
-97.2048,-96.7483
0,0
95.9791,96.303
291.117,343.162
52.674,114.617
31.0693,149.482
2
3.04085e-08,2.88482e-08
-97.2071,-96.7496
0,0
95.9775,96.3021
291.095,343.189
52.6011,114.507
30.7155,149.129
2
3.04134e-08,2.88267e-08
-97.2085,-96.7431
0,0
95.9765,96.3068
291.139,343.168
52.7822,114.571
31.152,149.625
2
3.04106e-08,2.88326e-08
-97.2077,-96.7449
0,0
95.9771,96.3055
291.129,343.17
52.7386,114.57
31.0775,149.532
2
3.03821e-08,2.88371e-08
-97.1996,-96.7462
0,0
95.9827,96.3045
291.161,343.104
52.819,114.852
31.8036,150.211
2
3.03973e-08,2.88418e-08
-97.2039,-96.7477
0,0
95.9797,96.3035
291.127,343.15
52.7079,114.664
31.2243,149.638
2
3.03884e-08,2.88686e-08
-97.2014,-96.7557
0,0
95.9814,96.2976
291.075,343.17
52.4926,114.613
30.7597,149.096
2
3.0372e-08,2.88558e-08
-97.1967,-96.7519
0,0
95.9847,96.3004
291.131,343.108
52.6845,114.862
31.6001,149.945
2
3.03842e-08,2.88252e-08
-97.2002,-96.7427
0,0
95.9823,96.3071
291.187,343.091
52.9238,114.891
32.0593,150.503
2
3.04184e-08,2.88063e-08
-97.21,-96.737
0,0
95.9755,96.3113
291.181,343.149
52.9518,114.624
31.5469,150.08
2
3.04273e-08,2.87795e-08
-97.2125,-96.7289
0,0
95.9738,96.3172
291.233,343.129
53.1653,114.663
31.9901,150.609
1
2.87588e-08
-96.7226
0
96.3217
343.068
114.874
151.526
1
2.87807e-08
-96.7293
0
96.3169
343.035
115.045
151.648
1
2.87738e-08
-96.7272
0
96.3184
343.055
114.95
151.496
1
2.87791e-08
-96.7288
0
96.3172
343.037
115.035
151.646
1
2.87606e-08
-96.7232
0
96.3213
343.061
114.906
151.587
1
2.87377e-08
-96.7163
0
96.3264
342.991
115.133
152.623
1
2.87562e-08
-96.7218
0
96.3223
342.985
115.196
152.493
1
2.87875e-08
-96.7313
0
96.3154
343.004
115.181
151.923
1
2.88251e-08
-96.7426
0
96.3071
342.964
115.412
151.96
1
2.8804e-08
-96.7363
0
96.3118
342.989
115.273
151.913
1
2.87998e-08
-96.735
0
96.3127
342.995
115.239
151.884
1
2.878e-08
-96.7291
0
96.317
342.942
115.41
152.715
1
2.87672e-08
-96.7252
0
96.3199
342.915
115.488
153.171
1
2.87985e-08
-96.7346
0
96.313
342.905
115.595
152.947
1
2.87869e-08
-96.7311
0
96.3155
342.924
115.496
152.853
1
2.88096e-08
-96.738
0
96.3105
342.88
115.715
153.112
1
2.87874e-08
-96.7313
0
96.3154
342.901
115.586
153.113
1
2.87755e-08
-96.7277
0
96.318
342.835
115.813
154.02
1
2.87791e-08
-96.7288
0
96.3172
342.831
115.836
154.027
1
2.87536e-08
-96.7211
0
96.3229
342.779
115.968
154.914
1
2.87749e-08
-96.7275
0
96.3182
342.799
97.6452
157.421
1
2.87568e-08
-96.722
0
96.3222
342.84
114.595
165.608
1
2.87649e-08
-96.7245
0
96.3204
342.777
85.7164
175.056
1
2.87704e-08
-96.7261
0
96.3192
342.783
101.839
187.617
1
2.87818e-08
-96.7296
0
96.3166
342.86
81.4438
195.517
1
2.8778e-08
-96.7284
0
96.3175
342.791
89.1725
207.414
1
2.87619e-08
-96.7236
0
96.321
342.76
83.1145
217.578
1
2.87594e-08
-96.7228
0
96.3216
342.724
84.7631
227.961
1
2.87459e-08
-96.7187
0
96.3246
342.769
84.1473
237.795
2
2.8731e-08,2.98336e-08
-96.7142,-97.0413
0,0
96.3279,96.0931
342.725,291.902
84.1608,84.8561
247.877,119.01
2
2.87023e-08,2.98473e-08
-96.7056,-97.0453
0,0
96.3342,96.0903
342.713,291.952
84.0515,85.0493
257.685,128.775
2
2.86757e-08,2.98747e-08
-96.6975,-97.0533
0,0
96.3401,96.0847
342.741,291.975
84.0523,85.0508
257.48,128.576
2
2.86786e-08,2.98471e-08
-96.6984,-97.0453
0,0
96.3395,96.0903
342.673,292.012
84.0476,85.0419
257.609,128.599
2
2.86905e-08,2.98498e-08
-96.702,-97.046
0,0
96.3368,96.0898
342.7,291.978
84.05,85.0465
257.636,128.688
2
2.8664e-08,2.98675e-08
-96.6939,-97.0512
0,0
96.3427,96.0862
342.703,292.016
84.049,85.0447
257.474,128.489
2
2.86735e-08,2.98405e-08
-96.6968,-97.0433
0,0
96.3406,96.0917
342.648,292.035
84.0455,85.038
257.621,128.562
2
2.86696e-08,2.98559e-08
-96.6957,-97.0478
0,0
96.3415,96.0885
342.682,292.02
84.0478,85.0423
257.542,128.532
2
2.86551e-08,2.98453e-08
-96.6913,-97.0447
0,0
96.3447,96.0907
342.63,292.074
84.0434,85.0341
257.541,128.426
2
2.86309e-08,2.98601e-08
-96.6839,-97.049
0,0
96.3501,96.0877
342.628,292.111
84.0421,85.032
257.4,128.246
2
2.86285e-08,2.98383e-08
-96.6832,-97.0427
0,0
96.3506,96.0921
342.567,292.152
84.0377,85.0236
257.487,128.23
2
2.86429e-08,2.98526e-08
-96.6876,-97.0469
0,0
96.3474,96.0892
342.629,292.093
84.0427,85.033
257.471,128.335
2
2.86573e-08,2.98687e-08
-96.6919,-97.0516
0,0
96.3442,96.0859
342.695,292.031
84.0481,85.0431
257.447,128.44
2
2.86381e-08,2.98502e-08
-96.6861,-97.0462
0,0
96.3485,96.0897
342.614,292.109
84.0415,85.0307
257.466,128.3
2
2.86143e-08,2.98401e-08
-96.6789,-97.0432
0,0
96.3538,96.0918
342.548,292.185
84.0357,85.0199
257.434,128.125
2
2.85825e-08,2.9861e-08
-96.6692,-97.0493
0,0
96.3609,96.0875
342.549,292.231
84.0342,85.0176
257.244,127.89
2
2.86086e-08,2.98517e-08
-96.6772,-97.0466
0,0
96.3551,96.0894
342.569,292.181
84.0368,85.0223
257.366,128.082
2
2.86266e-08,2.98428e-08
-96.6826,-97.044
0,0
96.3511,96.0912
342.576,292.15
84.0382,85.0246
257.461,128.215
2
2.86343e-08,2.98355e-08
-96.685,-97.0419
0,0
96.3493,96.0927
342.569,292.142
84.0382,85.0243
257.517,128.273
2
2.86355e-08,2.9819e-08
-96.6853,-97.0371
0,0
96.3491,96.0961
342.528,292.165
84.0353,85.0189
257.592,128.282
2
2.8615e-08,2.98309e-08
-96.6791,-97.0405
0,0
96.3536,96.0937
342.525,292.198
84.0341,85.0169
257.476,128.131
2
2.85981e-08,2.98201e-08
-96.674,-97.0374
0,0
96.3574,96.0959
342.468,292.258
84.0292,85.008
257.47,128.007
2
2.85822e-08,2.98431e-08
-96.6691,-97.0441
0,0
96.3609,96.0911
342.502,292.261
84.0308,85.0113
257.321,127.889
2
2.85709e-08,2.98239e-08
-96.6657,-97.0385
0,0
96.3635,96.0951
342.432,292.321
84.0253,85.0011
257.37,127.807
2
2.85882e-08,2.98119e-08
-96.6709,-97.035
0,0
96.3596,96.0976
342.429,292.297
84.026,85.0021
257.475,127.934
2
2.85671e-08,2.98368e-08
-96.6645,-97.0423
0,0
96.3643,96.0925
342.459,292.31
84.027,85.0045
257.302,127.778
2
2.85713e-08,2.98268e-08
-96.6658,-97.0393
0,0
96.3634,96.0945
342.44,292.315
84.0259,85.0023
257.359,127.81
2
2.85788e-08,2.9848e-08
-96.6681,-97.0455
0,0
96.3617,96.0902
342.509,292.262
84.0311,85.0119
257.289,127.863
2
2.85741e-08,2.98303e-08
-96.6667,-97.0404
0,0
96.3628,96.0938
342.454,292.302
84.027,85.0044
257.352,127.83
2
2.86023e-08,2.97955e-08
-96.6752,-97.0302
0,0
96.3565,96.1009
342.41,292.287
84.0254,85.0006
257.59,128.038
2
2.8608e-08,2.98173e-08
-96.677,-97.0366
0,0
96.3552,96.0964
342.477,292.238
84.0304,85.01
257.513,128.08
2
2.85941e-08,2.98406e-08
-96.6727,-97.0434
0,0
96.3583,96.0917
342.515,292.235
81.8875,85.3282
257.509,127.735
2
2.8574e-08,2.98451e-08
-96.6667,-97.0447
0,0
96.3628,96.0907
342.493,292.279
85.5593,86.3142
247.487,118.526
2
2.85605e-08,2.98608e-08
-96.6626,-97.0492
0,0
96.3658,96.0875
342.512,292.287
83.886,89.9373
237.156,108.536
2
2.85471e-08,2.98874e-08
-96.6585,-97.057
0,0
96.3688,96.0821
342.559,292.278
88.9145,90.683
227.086,98.7931
