6
8.96908e-09,3.77477e-08,5.69834e-08,1.16619e-08,9.56847e-09,1.54882e-08
-76.6022,-104.085,-107.662,-93.8826,-92.1641,-96.3473
0,0,0,0,0,0
48.0128,80.854,83.9559,59.0362,51.1665,154.505
180,100.305,0,180,206.565,180
131.987,99.146,96.0441,120.964,128.834,154.505
0,79.6952,0,180,333.435,0
6
9.21954e-09,3.7808e-08,5.6652e-08,1.1949e-08,9.80363e-09,1.56346e-08
-76.8414,-104.099,-107.612,-94.0938,-92.375,-96.429
0,0,0,0,0,0
49.3987,80.8687,83.9204,59.8586,52.2644,153.402
180,100.808,0,180,205.463,180
130.601,99.1313,96.0796,120.141,127.736,153.402
0,79.1918,0,180,334.537,0
6
9.47511e-09,3.78711e-08,5.63205e-08,1.22384e-08,1.00443e-08,1.57866e-08
-77.0789,-104.113,-107.561,-94.3017,-92.5857,-96.513
0,0,0,0,0,0
50.7106,80.8841,83.8845,60.6422,53.3196,152.32
180,101.31,0,180,204.444,180
129.289,99.1159,96.1155,119.358,126.68,152.32
0,78.6901,0,180,335.556,0
6
9.73539e-09,3.79371e-08,5.59891e-08,1.253e-08,1.02902e-08,1.59442e-08
-77.3143,-104.129,-107.509,-94.5062,-92.7957,-96.5993
0,0,0,0,0,0
51.953,80.9001,83.8482,61.3895,54.3327,151.26
180,101.81,0,180,203.499,180
128.047,99.0999,96.1518,118.61,125.667,151.26
0,78.1901,0,180,336.501,0
6
1e-08,3.80058e-08,5.56577e-08,1.28236e-08,1.05409e-08,1.61072e-08
-77.5472,-104.144,-107.458,-94.7074,-93.0048,-96.6876
0,0,0,0,0,0
53.1301,80.9167,83.8114,62.1027,55.3048,150.22
180,102.308,0,180,202.62,180
126.87,99.0833,96.1886,117.897,124.695,150.22
0,77.692,0,180,337.38,0
6
1.02686e-08,3.80774e-08,5.53263e-08,1.31191e-08,1.07961e-08,1.62753e-08
-77.7775,-104.161,-107.406,-94.9053,-93.2126,-96.7778
0,0,0,0,0,0
54.2461,80.9339,83.7742,62.7839,56.2371,149.201
180,102.804,0,180,201.801,180
125.754,99.0661,96.2258,117.216,123.763,149.201
0,77.1957,0,180,338.199,0
6
1.05409e-08,3.81517e-08,5.49949e-08,1.34164e-08,1.10554e-08,1.64485e-08
-78.0048,-104.178,-107.354,-95.0999,-93.4187,-96.8697
0,0,0,0,0,0
55.3048,80.9517,83.7365,63.4349,57.131,148.204
180,103.299,0,180,201.038,180
124.695,99.0483,96.2635,116.565,122.869,148.204
0,76.7014,0,180,338.962,0
6
1.08167e-08,3.82288e-08,5.46636e-08,1.37154e-08,1.13186e-08,1.66265e-08
-78.2291,-104.195,-107.301,-95.2914,-93.6231,-96.9632
0,0,0,0,0,0
56.3099,80.9701,83.6984,64.0577,57.9878,147.228
180,103.791,0,180,200.323,180
123.69,99.0299,96.3016,115.942,122.012,147.228
0,76.2091,0,180,339.677,0
6
1.10955e-08,3.83087e-08,5.43323e-08,1.40159e-08,1.15854e-08,1.68093e-08
-78.4502,-104.213,-107.248,-95.4796,-93.8255,-97.0582
0,0,0,0,0,0
57.2648,80.9891,83.6598,64.6538,58.8091,146.272
180,104.281,0,180,199.654,180
122.735,99.0109,96.3402,115.346,121.191,146.272
0,75.7189,0,180,340.346,0
6
1.13774e-08,3.83913e-08,5.4001e-08,1.43178e-08,1.18556e-08,1.69966e-08
-78.6681,-104.232,-107.195,-95.6648,-94.0257,-97.1545
0,0,0,0,0,0
58.1726,81.0086,83.6208,65.2249,59.5963,145.338
180,104.769,0,180,199.026,180
121.827,98.9914,96.3792,114.775,120.404,145.338
0,75.2308,0,180,340.974,0
6
1.16619e-08,3.84765e-08,5.36698e-08,1.46211e-08,1.21289e-08,1.71884e-08
-78.8826,-104.251,-107.142,-95.8468,-94.2237,-97.2519
0,0,0,0,0,0
59.0362,81.0287,83.5812,65.7723,60.351,144.424
180,105.255,0,180,198.435,180
120.964,98.9713,96.4188,114.228,119.649,144.424
0,74.7449,0,180,341.565,0
6
1.1949e-08,3.85645e-08,5.33385e-08,1.49257e-08,1.24052e-08,1.73844e-08
-79.0938,-104.271,-107.088,-96.0259,-94.4193,-97.3504
0,0,0,0,0,0
59.8586,81.0494,83.5412,66.2974,61.0747,143.53
180,105.739,0,180,197.879,180
120.141,98.9506,96.4588,113.703,118.925,143.53
0,74.2612,0,180,342.121,0
6
1.22384e-08,3.86552e-08,5.30073e-08,1.52315e-08,1.26842e-08,1.75846e-08
-79.3017,-104.291,-107.034,-96.2021,-94.6125,-97.4499
0,0,0,0,0,0
60.6422,81.0705,83.5007,66.8014,61.7689,142.657
180,106.22,0,180,197.354,180
119.358,98.9295,96.4993,113.199,118.231,142.657
0,73.7798,0,180,342.646,0
6
1.253e-08,3.87485e-08,5.26762e-08,1.55385e-08,1.29658e-08,1.77888e-08
-79.5062,-104.312,-106.98,-96.3754,-94.8032,-97.5501
0,0,0,0,0,0
61.3895,81.0922,83.4596,67.2856,62.4348,141.803
180,106.699,0,180,196.858,180
118.61,98.9078,96.5404,112.714,117.565,141.803
0,73.3008,0,180,343.142,0
6
1.28236e-08,3.88444e-08,5.2345e-08,1.58465e-08,1.32497e-08,1.79968e-08
-79.7074,-104.334,-106.925,-96.5459,-94.9914,-97.6511
0,0,0,0,0,0
62.1027,81.1144,83.4181,67.751,63.074,140.969
180,107.176,0,180,196.39,180
117.897,98.8856,96.5819,112.249,116.926,140.969
0,72.8241,0,180,343.61,0
6
1.31191e-08,3.8943e-08,5.20139e-08,1.61555e-08,1.3536e-08,1.82086e-08
-79.9053,-104.356,-106.87,-96.7136,-95.177,-97.7527
0,0,0,0,0,0
62.7839,81.1371,83.376,68.1986,63.6877,140.154
180,107.65,0,180,195.945,180
117.216,98.8629,96.624,111.801,116.312,140.154
0,72.3499,0,180,344.055,0
6
1.34164e-08,3.90441e-08,5.16828e-08,1.64655e-08,1.38243e-08,1.84239e-08
-80.0999,-104.378,-106.814,-96.8787,-95.3601,-97.8549
0,0,0,0,0,0
63.4349,81.1602,83.3333,68.6294,64.2771,139.358
180,108.122,0,180,195.524,180
116.565,98.8398,96.6667,111.371,115.723,139.358
0,71.8781,0,180,344.476,0
6
1.37154e-08,3.91479e-08,5.13517e-08,1.67763e-08,1.41146e-08,1.86427e-08
-80.2914,-104.401,-106.758,-97.0411,-95.5406,-97.9574
0,0,0,0,0,0
64.0577,81.1838,83.2902,69.0442,64.8435,138.581
180,108.591,0,180,195.124,180
115.942,98.8162,96.7098,110.956,115.156,138.581
0,71.4089,0,180,344.876,0
6
1.40159e-08,3.92542e-08,5.10207e-08,1.7088e-08,1.44068e-08,1.88649e-08
-80.4796,-104.425,-106.702,-97.2011,-95.7186,-98.0603
0,0,0,0,0,0
64.6538,81.2079,83.2464,69.444,65.3881,137.822
180,109.058,0,180,194.744,180
115.346,98.7921,96.7536,110.556,114.612,137.822
0,70.9423,0,180,345.256,0
6
1.43178e-08,3.9363e-08,5.06897e-08,1.74005e-08,1.47007e-08,1.90903e-08
-80.6648,-104.449,-106.646,-97.3585,-95.894,-98.1635
0,0,0,0,0,0
65.2249,81.2324,83.2021,69.8293,65.9117,137.08
180,109.522,0,180,194.381,180
114.775,98.7676,96.7979,110.171,114.088,137.08
0,70.4783,0,180,345.619,0
6
1.46211e-08,3.94743e-08,5.03587e-08,1.77138e-08,1.49963e-08,1.93189e-08
-80.8468,-104.474,-106.589,-97.5134,-96.0669,-98.2669
0,0,0,0,0,0
65.7723,81.2573,83.1572,70.2011,66.4156,136.356
180,109.983,0,180,194.036,180
114.228,98.7427,96.8428,109.799,113.584,136.356
0,70.0169,0,180,345.964,0
6
1.49257e-08,3.95882e-08,5.00278e-08,1.80278e-08,1.52934e-08,1.95504e-08
-81.0259,-104.499,-106.531,-97.6661,-96.2373,-98.3703
0,0,0,0,0,0
66.2974,81.2826,83.1117,70.56,66.9007,135.649
180,110.442,0,180,193.707,180
113.703,98.7174,96.8883,109.44,113.099,135.649
0,69.5582,0,180,346.293,0
6
1.52315e-08,3.97045e-08,4.96969e-08,1.83424e-08,1.5592e-08,1.97849e-08
-81.2021,-104.524,-106.474,-97.8164,-96.4053,-98.4739
0,0,0,0,0,0
66.8014,81.3084,83.0657,70.9065,67.3679,134.959
180,110.898,0,180,193.392,180
113.199,98.6916,96.9343,109.093,112.632,134.959
0,69.1022,0,180,346.608,0
6
1.55385e-08,3.98232e-08,4.9366e-08,1.86577e-08,1.5892e-08,2.00221e-08
-81.3754,-104.55,-106.416,-97.9644,-96.5708,-98.5774
0,0,0,0,0,0
67.2856,81.3345,83.0189,71.2413,67.8181,134.285
180,111.351,0,180,193.092,180
112.714,98.6655,96.9811,108.759,112.182,134.285
0,68.649,0,180,346.908,0
6
1.58465e-08,3.99444e-08,4.90351e-08,1.89737e-08,1.61933e-08,2.02621e-08
-81.5459,-104.576,-106.357,-98.1102,-96.7339,-98.6809
0,0,0,0,0,0
67.751,81.361,82.9716,71.5651,68.2521,133.627
180,111.801,0,180,192.804,180
112.249,98.639,97.0284,108.435,111.748,133.627
0,68.1986,0,180,347.196,0
6
1.61555e-08,4.0068e-08,4.87043e-08,1.92902e-08,1.64958e-08,2.05046e-08
-81.7136,-104.603,-106.299,-98.2539,-96.8947,-98.7843
0,0,0,0,0,0
68.1986,81.3878,82.9236,71.8781,68.6706,132.984
180,112.249,0,180,192.529,180
111.801,98.6122,97.0764,108.122,111.329,132.984
0,67.751,0,180,347.471,0
6
1.64655e-08,4.0194e-08,4.83735e-08,1.96073e-08,1.67995e-08,2.07497e-08
-81.8787,-104.63,-106.239,-98.3956,-97.0531,-98.8875
0,0,0,0,0,0
68.6294,81.415,82.875,72.1811,69.0745,132.357
180,112.694,0,180,192.265,180
111.371,98.585,97.125,107.819,110.926,132.357
0,67.3062,0,180,347.735,0
6
1.67763e-08,4.03223e-08,4.80428e-08,1.99249e-08,1.71043e-08,2.09973e-08
-82.0411,-104.658,-106.18,-98.5351,-97.2093,-98.9905
0,0,0,0,0,0
69.0442,81.4426,82.8257,72.4744,69.4644,131.744
180,113.136,0,180,192.011,180
110.956,98.5574,97.1743,107.526,110.536,131.744
0,66.8643,0,180,347.989,0
6
1.7088e-08,4.0453e-08,4.77121e-08,2.0243e-08,1.74101e-08,2.12471e-08
-82.2011,-104.686,-106.12,-98.6727,-97.3632,-99.0932
0,0,0,0,0,0
69.444,81.4704,82.7757,72.7585,69.8409,131.145
180,113.575,0,180,191.768,180
110.556,98.5296,97.2243,107.241,110.159,131.145
0,66.4253,0,180,348.232,0
6
1.74005e-08,4.0586e-08,4.73814e-08,2.05616e-08,1.77169e-08,2.14993e-08
-82.3585,-104.715,-106.059,-98.8083,-97.515,-99.1957
0,0,0,0,0,0
69.8293,81.4986,82.725,73.0339,70.2048,130.561
180,114.011,0,180,191.535,180
110.171,98.5014,97.275,106.966,109.795,130.561
0,65.9892,0,180,348.465,0
6
1.77138e-08,4.07213e-08,4.70508e-08,2.08806e-08,1.80247e-08,2.17536e-08
-82.5134,-104.744,-105.999,-98.9421,-97.6646,-99.2978
0,0,0,0,0,0
70.2011,81.527,82.6736,73.3008,70.5565,129.99
180,114.444,0,180,191.31,180
109.799,98.473,97.3264,106.699,109.443,129.99
0,65.556,0,180,348.69,0
6
1.80278e-08,4.08588e-08,4.67202e-08,2.12001e-08,1.83333e-08,2.201e-08
-82.6661,-104.773,-105.937,-99.074,-97.8121,-99.3996
0,0,0,0,0,0
70.56,81.5557,82.6215,73.5596,70.8967,129.432
180,114.874,0,180,191.094,180
109.44,98.4443,97.3785,106.44,109.103,129.432
0,65.1258,0,180,348.906,0
6
1.83424e-08,4.09986e-08,4.63897e-08,2.152e-08,1.86428e-08,2.22685e-08
-82.8164,-104.803,-105.876,-99.2041,-97.9575,-99.501
0,0,0,0,0,0
70.9065,81.5848,82.5686,73.8108,71.2258,128.888
180,115.301,0,180,190.886,180
109.093,98.4152,97.4314,106.189,108.774,128.888
0,64.6986,0,180,349.114,0
6
1.86577e-08,4.11407e-08,4.60591e-08,2.18403e-08,1.89532e-08,2.25289e-08
-82.9644,-104.833,-105.814,-99.3324,-98.1009,-99.602
0,0,0,0,0,0
71.2413,81.614,82.515,74.0546,71.5444,128.355
180,115.726,0,180,190.685,180
108.759,98.386,97.485,105.945,108.456,128.355
0,64.2744,0,180,349.315,0
6
1.89737e-08,4.12849e-08,4.57287e-08,2.2161e-08,1.92642e-08,2.27912e-08
-83.1102,-104.863,-105.751,-99.459,-98.2423,-99.7026
0,0,0,0,0,0
71.5651,81.6435,82.4606,74.2914,71.8529,127.835
180,116.147,0,180,190.491,180
108.435,98.3565,97.5394,105.709,108.147,127.835
0,63.8532,0,180,349.509,0
6
1.92902e-08,4.14313e-08,4.53982e-08,2.24821e-08,1.95761e-08,2.30554e-08
-83.2539,-104.894,-105.688,-99.584,-98.3817,-99.8027
0,0,0,0,0,0
71.8781,81.6733,82.4054,74.5214,72.1518,127.327
180,116.565,0,180,190.305,180
108.122,98.3267,97.5946,105.479,107.848,127.327
0,63.4349,0,180,349.695,0
6
1.96073e-08,4.15799e-08,4.50679e-08,2.28035e-08,1.98886e-08,2.33213e-08
-83.3956,-104.925,-105.625,-99.7073,-98.5193,-99.9023
0,0,0,0,0,0
72.1811,81.7032,82.3493,74.7449,72.4414,126.831
180,116.98,0,180,190.125,180
107.819,98.2968,97.6507,105.255,107.559,126.831
0,63.0198,0,180,349.875,0
6
1.99249e-08,4.17306e-08,4.47375e-08,2.31253e-08,2.02018e-08,2.3589e-08
-83.5351,-104.956,-105.561,-99.829,-98.655,-100.001
0,0,0,0,0,0
72.4744,81.7334,82.2925,74.9622,72.7223,126.345
180,117.392,0,180,189.951,180
107.526,98.2666,97.7075,105.038,107.278,126.345
0,62.6076,0,180,350.049,0
6
2.0243e-08,4.18834e-08,4.44072e-08,2.34473e-08,2.05156e-08,2.38583e-08
-83.6727,-104.988,-105.496,-99.9491,-98.7889,-100.1
0,0,0,0,0,0
72.7585,81.7638,82.2348,75.1735,72.9947,125.871
180,117.801,0,180,189.782,180
107.241,98.2362,97.7652,104.826,107.005,125.871
0,62.1985,0,180,350.218,0
6
2.05616e-08,4.20383e-08,4.4077e-08,2.37697e-08,2.083e-08,2.41292e-08
-83.8083,-105.02,-105.431,-100.068,-98.921,-100.198
0,0,0,0,0,0
73.0339,81.7943,82.1763,75.3791,73.259,125.407
180,118.207,0,180,189.62,180
106.966,98.2057,97.8237,104.621,106.741,125.407
0,61.7925,0,180,350.38,0
6
2.08806e-08,4.21953e-08,4.37467e-08,2.40924e-08,2.1145e-08,2.44016e-08
-83.9421,-105.053,-105.366,-100.185,-99.0514,-100.296
0,0,0,0,0,0
73.3008,81.8251,82.1169,75.5792,73.5156,124.954
180,118.61,0,180,189.462,180
106.699,98.1749,97.8831,104.421,106.484,124.954
0,61.3895,0,180,350.538,0
6
2.12001e-08,4.23543e-08,4.34166e-08,2.44154e-08,2.14606e-08,2.46756e-08
-84.074,-105.085,-105.3,-100.3,-99.18,-100.393
0,0,0,0,0,0
73.5596,81.856,82.0565,75.774,73.7647,124.51
180,119.01,0,180,189.31,180
106.44,98.144,97.9435,104.226,106.235,124.51
0,60.9896,0,180,350.69,0
6
2.152e-08,4.25154e-08,4.30865e-08,2.47386e-08,2.17766e-08,2.4951e-08
-84.2041,-105.118,-105.234,-100.415,-99.307,-100.489
0,0,0,0,0,0
73.8108,81.887,81.9953,75.9638,74.0067,124.076
180,119.407,0,180,189.162,180
106.189,98.113,98.0047,104.036,105.993,124.076
0,60.5928,0,180,350.838,0
6
2.18403e-08,4.26784e-08,4.27564e-08,2.50621e-08,2.20932e-08,2.52278e-08
-84.3324,-105.151,-105.167,-100.528,-99.4324,-100.585
0,0,0,0,0,0
74.0546,81.9182,81.9331,76.1486,74.2419,123.652
180,119.801,0,180,189.019,180
105.945,98.0818,98.0669,103.851,105.758,123.652
0,60.1991,0,180,350.981,0
6
2.2161e-08,4.28434e-08,4.24264e-08,2.53859e-08,2.24103e-08,2.55059e-08
-84.459,-105.185,-105.1,-100.639,-99.5562,-100.68
0,0,0,0,0,0
74.2914,81.9496,81.8699,76.3287,74.4705,123.237
180,120.192,0,180,188.881,180
105.709,98.0504,98.1301,103.671,105.529,123.237
0,59.8084,0,180,351.119,0
6
2.24821e-08,4.30103e-08,4.20965e-08,2.57099e-08,2.27279e-08,2.57854e-08
-84.584,-105.219,-105.032,-100.749,-99.6784,-100.775
0,0,0,0,0,0
74.5214,81.981,81.8057,76.5043,74.6929,122.831
180,120.579,0,180,188.746,180
105.479,98.019,98.1943,103.496,105.307,122.831
0,59.4208,0,180,351.254,0
6
2.28035e-08,4.31792e-08,4.17665e-08,2.60342e-08,2.30458e-08,2.60661e-08
-84.7073,-105.253,-104.964,-100.858,-99.7991,-100.869
0,0,0,0,0,0
74.7449,82.0126,81.7406,76.6755,74.9091,122.434
180,120.964,0,180,188.616,180
105.255,97.9874,98.2594,103.325,105.091,122.434
0,59.0362,0,180,351.384,0
6
2.31253e-08,4.335e-08,4.14367e-08,2.63586e-08,2.33643e-08,2.6348e-08
-84.829,-105.287,-104.895,-100.966,-99.9183,-100.962
0,0,0,0,0,0
74.9622,82.0442,81.6743,76.8425,75.1196,122.045
180,121.345,0,180,188.489,180
105.038,97.9558,98.3257,103.158,104.88,122.045
0,58.6548,0,180,351.511,0
6
2.34473e-08,4.35227e-08,4.11069e-08,2.66833e-08,2.36831e-08,2.66312e-08
-84.9491,-105.322,-104.826,-101.072,-100.036,-101.055
0,0,0,0,0,0
75.1735,82.076,81.6071,77.0054,75.3244,121.665
180,121.724,0,180,188.366,180
104.826,97.924,98.3929,102.995,104.676,121.665
0,58.2764,0,180,351.634,0
6
2.37697e-08,4.36972e-08,4.07772e-08,2.70082e-08,2.40023e-08,2.69154e-08
-85.0677,-105.356,-104.756,-101.177,-100.152,-101.147
0,0,0,0,0,0
75.3791,82.1079,81.5387,77.1644,75.5239,121.292
180,122.099,0,180,188.246,180
104.621,97.8921,98.4613,102.836,104.476,121.292
0,57.9011,0,180,351.754,0
6
2.40924e-08,4.38736e-08,4.04475e-08,2.73333e-08,2.43219e-08,2.72008e-08
-85.1848,-105.391,-104.685,-101.281,-100.267,-101.239
0,0,0,0,0,0
75.5792,82.1398,81.4692,77.3196,75.7182,120.928
180,122.471,0,180,188.13,180
104.421,97.8602,98.5308,102.68,104.282,120.928
0,57.5288,0,180,351.87,0
6
2.44154e-08,4.40517e-08,4.01179e-08,2.76586e-08,2.46419e-08,2.74873e-08
-85.3005,-105.426,-104.614,-101.384,-100.381,-101.33
0,0,0,0,0,0
75.774,82.1718,81.3986,77.4712,75.9075,120.571
180,122.84,0,180,188.017,180
104.226,97.8282,98.6014,102.529,104.092,120.571
0,57.1596,0,180,351.983,0
6
2.47386e-08,4.42317e-08,3.97883e-08,2.79841e-08,2.49622e-08,2.77748e-08
-85.4147,-105.462,-104.542,-101.485,-100.493,-101.42
0,0,0,0,0,0
75.9638,82.2038,81.3268,77.6192,76.092,120.221
180,123.207,0,180,187.907,180
104.036,97.7962,98.6732,102.381,103.908,120.221
0,56.7934,0,180,352.093,0
6
2.50621e-08,4.44135e-08,3.94588e-08,2.83098e-08,2.52828e-08,2.80633e-08
-85.5276,-105.498,-104.47,-101.586,-100.604,-101.51
0,0,0,0,0,0
76.1486,82.2359,81.2538,77.7639,76.2719,119.878
180,123.57,0,180,187.8,180
103.851,97.7641,98.7462,102.236,103.728,119.878
0,56.4303,0,180,352.2,0
6
2.53859e-08,4.4597e-08,3.91294e-08,2.86356e-08,2.56038e-08,2.83529e-08
-85.6391,-105.533,-104.397,-101.685,-100.713,-101.599
0,0,0,0,0,0
76.3287,82.2681,81.1796,77.9052,76.4473,119.543
180,123.93,0,180,187.696,180
103.671,97.7319,98.8204,102.095,103.553,119.543
0,56.0702,0,180,352.304,0
6
2.57099e-08,4.47822e-08,3.88001e-08,2.89617e-08,2.59251e-08,2.86433e-08
-85.7492,-105.569,-104.324,-101.784,-100.822,-101.688
0,0,0,0,0,0
76.5043,82.3003,81.1041,78.0434,76.6184,119.214
180,124.287,0,180,187.595,180
103.496,97.6997,98.8959,101.957,103.382,119.214
0,55.7131,0,180,352.405,0
6
2.57121e-08,4.45097e-08,3.88015e-08,2.89636e-08,2.59701e-08,2.86453e-08
-85.75,-105.516,-104.324,-101.784,-100.837,-101.688
0,0,0,0,0,0
76.5054,82.2528,81.1045,78.0442,76.642,119.212
180.764,124.531,359.502,180.674,188.344,180.764
103.495,97.7472,98.8955,101.956,103.358,119.212
0.763898,55.4692,0.498212,179.326,351.656,0.763898
6
2.57186e-08,4.4238e-08,3.88058e-08,2.89693e-08,2.60192e-08,2.86511e-08
-85.7522,-105.463,-104.325,-101.786,-100.853,-101.69
0,0,0,0,0,0
76.5089,82.2049,81.1055,78.0466,76.6677,119.205
181.528,124.778,359.004,181.348,189.09,181.528
103.491,97.7951,98.8945,101.953,103.332,119.205
1.52753,55.2222,0.996348,178.652,350.91,1.52753
6
2.57294e-08,4.39672e-08,3.88129e-08,2.89789e-08,2.60725e-08,2.86608e-08
-85.7558,-105.41,-104.327,-101.789,-100.871,-101.693
0,0,0,0,0,0
76.5147,82.1566,81.1071,78.0506,76.6954,119.194
182.291,125.028,358.506,182.021,189.834,182.291
103.485,97.8434,98.8929,101.949,103.305,119.194
2.29061,54.9721,1.49433,177.979,350.166,2.29061
6
2.57445e-08,4.36972e-08,3.8823e-08,2.89923e-08,2.613e-08,2.86743e-08
-85.7609,-105.356,-104.329,-101.793,-100.89,-101.697
0,0,0,0,0,0
76.5227,82.1079,81.1094,78.0563,76.7252,119.179
183.053,125.281,358.008,182.694,190.574,183.053
103.477,97.8921,98.8906,101.944,103.275,119.179
3.05288,54.7188,1.99209,177.306,349.426,3.05288
6
2.57639e-08,4.34281e-08,3.88358e-08,2.90096e-08,2.61916e-08,2.86918e-08
-85.7674,-105.303,-104.332,-101.798,-100.91,-101.702
0,0,0,0,0,0
76.5331,82.0586,81.1124,78.0635,76.757,119.16
183.814,125.538,357.51,183.366,191.31,183.814
103.467,97.9414,98.8876,101.937,103.243,119.16
3.81407,54.4623,2.48955,176.634,348.69,3.81407
6
2.57876e-08,4.31599e-08,3.88516e-08,2.90306e-08,2.62573e-08,2.87131e-08
-85.7754,-105.249,-104.335,-101.804,-100.932,-101.709
0,0,0,0,0,0
76.5457,82.009,81.116,78.0722,76.7907,119.136
184.574,125.797,357.013,184.038,192.043,184.574
103.454,97.991,98.884,101.928,103.209,119.136
4.57392,54.2026,2.98664,175.962,347.957,4.57392
6
2.58156e-08,4.28926e-08,3.88702e-08,2.90555e-08,2.6327e-08,2.87382e-08
-85.7849,-105.195,-104.34,-101.812,-100.955,-101.716
0,0,0,0,0,0
76.5605,81.9589,81.1203,78.0826,76.8264,119.108
185.332,126.06,356.517,184.708,192.771,185.332
103.439,98.0411,98.8797,101.917,103.174,119.108
5.33216,53.9396,3.48327,175.292,347.229,5.33216
6
2.58478e-08,4.26263e-08,3.88916e-08,2.90842e-08,2.64008e-08,2.87672e-08
-85.7957,-105.141,-104.344,-101.82,-100.98,-101.725
0,0,0,0,0,0
76.5776,81.9083,81.1252,78.0945,76.8638,119.076
186.089,126.327,356.021,185.377,193.496,186.089
103.422,98.0917,98.8748,101.905,103.136,119.076
6.08853,53.6732,3.97938,174.623,346.504,6.08853
6
2.58844e-08,4.23609e-08,3.89159e-08,2.91166e-08,2.64785e-08,2.88e-08
-85.808,-105.087,-104.35,-101.83,-101.005,-101.735
0,0,0,0,0,0
76.5969,81.8572,81.1308,78.108,76.9031,119.04
186.843,126.597,355.525,186.044,194.216,186.843
103.403,98.1428,98.8692,101.892,103.097,119.04
6.84277,53.4034,4.4749,173.956,345.784,6.84277
6
2.59251e-08,4.20965e-08,3.8943e-08,2.91529e-08,2.65602e-08,2.88366e-08
-85.8216,-105.032,-104.356,-101.841,-101.032,-101.746
0,0,0,0,0,0
76.6184,81.8057,81.1371,78.123,76.9441,118.999
187.595,126.87,355.03,186.71,194.931,187.595
103.382,98.1943,98.8629,101.877,103.056,118.999
7.59464,53.1301,4.96974,173.29,345.069,7.59464
6
2.59701e-08,4.1833e-08,3.89729e-08,2.91928e-08,2.66458e-08,2.88771e-08
-85.8367,-104.978,-104.362,-101.853,-101.06,-101.758
0,0,0,0,0,0
76.642,81.7538,81.1439,78.1395,76.9868,118.955
188.344,127.147,354.536,187.374,195.642,188.344
103.358,98.2462,98.8561,101.861,103.013,118.955
8.34389,52.8533,5.46384,172.626,344.358,8.34389
6
2.60192e-08,4.15706e-08,3.90057e-08,2.92366e-08,2.67353e-08,2.89213e-08
-85.8531,-104.923,-104.37,-101.866,-101.089,-101.772
0,0,0,0,0,0
76.6677,81.7013,81.1514,78.1575,77.0311,118.906
189.09,127.427,354.043,188.036,196.348,189.09
103.332,98.2987,98.8486,101.843,102.969,118.906
9.09028,52.5729,5.95713,171.964,343.652,9.09028
6
2.60725e-08,4.13091e-08,3.90413e-08,2.9284e-08,2.68287e-08,2.89693e-08
-85.8709,-104.868,-104.378,-101.88,-101.119,-101.786
0,0,0,0,0,0
76.6954,81.6485,81.1596,78.177,77.077,118.854
189.834,127.711,353.55,188.696,197.049,189.834
103.305,98.3515,98.8404,101.823,102.923,118.854
9.83356,52.289,6.44953,171.304,342.951,9.83356
6
2.613e-08,4.10488e-08,3.90797e-08,2.93352e-08,2.69258e-08,2.9021e-08
-85.89,-104.813,-104.386,-101.895,-101.151,-101.801
0,0,0,0,0,0
76.7252,81.5951,81.1683,78.1979,77.1244,118.798
190.574,127.999,353.059,189.353,197.745,190.574
103.275,98.4049,98.8317,101.802,102.876,118.798
10.5735,52.0013,6.94098,170.647,342.255,10.5735
6
2.61916e-08,4.07894e-08,3.91209e-08,2.93901e-08,2.70267e-08,2.90765e-08
-85.9105,-104.758,-104.395,-101.911,-101.183,-101.818
0,0,0,0,0,0
76.757,81.5413,81.1777,78.2202,77.1733,118.738
191.31,128.29,352.569,190.008,198.435,191.31
103.243,98.4587,98.8223,101.78,102.827,118.738
11.3099,51.7098,7.43141,169.992,341.565,11.3099
6
2.62573e-08,4.05312e-08,3.91649e-08,2.94486e-08,2.71314e-08,2.91356e-08
-85.9322,-104.703,-104.405,-101.929,-101.217,-101.836
0,0,0,0,0,0
76.7907,81.487,81.1877,78.244,77.2236,118.674
192.043,128.585,352.079,190.66,199.12,192.043
103.209,98.513,98.8123,101.756,102.776,118.674
12.0426,51.4146,7.92074,169.34,340.88,12.0426
6
2.6327e-08,4.02741e-08,3.92117e-08,2.95108e-08,2.72397e-08,2.91985e-08
-85.9553,-104.648,-104.416,-101.947,-101.251,-101.854
0,0,0,0,0,0
76.8264,81.4322,81.1983,78.2691,77.2753,118.607
192.771,128.884,351.591,191.31,199.799,192.771
103.174,98.5678,98.8017,101.731,102.725,118.607
12.7712,51.1155,8.40891,168.69,340.201,12.7712
6
2.64008e-08,4.00181e-08,3.92612e-08,2.95766e-08,2.73516e-08,2.9265e-08
-85.9796,-104.592,-104.427,-101.966,-101.287,-101.874
0,0,0,0,0,0
76.8638,81.377,81.2095,78.2956,77.3282,118.536
193.496,129.188,351.104,191.957,200.472,193.496
103.136,98.623,98.7905,101.704,102.672,118.536
13.4957,50.8125,8.89586,168.043,339.528,13.4957
6
2.64785e-08,3.97632e-08,3.93136e-08,2.96461e-08,2.74672e-08,2.93352e-08
-86.0051,-104.537,-104.438,-101.987,-101.323,-101.895
0,0,0,0,0,0
76.9031,81.3213,81.2213,78.3234,77.3824,118.461
194.216,129.495,350.618,192.6,201.14,194.216
103.097,98.6787,98.7787,101.677,102.618,118.461
14.2159,50.5055,9.38151,167.4,338.86,14.2159
6
2.65602e-08,3.95095e-08,3.93686e-08,2.97191e-08,2.75862e-08,2.94089e-08
-86.0319,-104.481,-104.45,-102.008,-101.361,-101.917
0,0,0,0,0,0
76.9441,81.2651,81.2336,78.3525,77.4378,118.383
194.931,129.806,350.134,193.241,201.801,194.931
103.056,98.7349,98.7664,101.648,102.562,118.383
14.9314,50.1944,9.86581,166.759,338.199,14.9314
6
2.66458e-08,3.9257e-08,3.94264e-08,2.97956e-08,2.77088e-08,2.94863e-08
-86.0598,-104.426,-104.463,-102.03,-101.4,-101.94
0,0,0,0,0,0
76.9868,81.2085,81.2466,78.3828,77.4942,118.302
195.642,130.121,349.651,193.878,202.457,195.642
103.013,98.7915,98.7534,101.617,102.506,118.302
15.6422,49.8793,10.3487,166.122,337.543,15.6422
6
2.67353e-08,3.90057e-08,3.9487e-08,2.98757e-08,2.78348e-08,2.95672e-08
-86.0889,-104.37,-104.476,-102.054,-101.439,-101.963
0,0,0,0,0,0
77.0311,81.1514,81.2601,78.4144,77.5518,118.218
196.348,130.44,349.17,194.511,203.106,196.348
102.969,98.8486,98.7399,101.586,102.448,118.218
16.3482,49.56,10.8301,165.489,336.894,16.3482
6
2.68287e-08,3.87556e-08,3.95502e-08,2.99592e-08,2.79643e-08,2.96516e-08
-86.1192,-104.314,-104.49,-102.078,-101.479,-101.988
0,0,0,0,0,0
77.077,81.0939,81.2742,78.4471,77.6103,118.13
197.049,130.764,348.69,195.141,203.749,197.049
102.923,98.9061,98.7258,101.553,102.39,118.13
17.049,49.2364,11.3099,164.859,336.251,17.049
6
2.69258e-08,3.85069e-08,3.96162e-08,3.00463e-08,2.80971e-08,2.97395e-08
-86.1506,-104.258,-104.505,-102.103,-101.52,-102.014
0,0,0,0,0,0
77.1244,81.0359,81.2889,78.481,77.6698,118.04
197.745,131.091,348.212,195.767,204.386,197.745
102.876,98.9641,98.7111,101.519,102.33,118.04
17.7447,48.9085,11.7882,164.233,335.614,17.7447
6
2.70267e-08,3.82593e-08,3.96849e-08,3.01367e-08,2.82332e-08,2.98309e-08
-86.1831,-104.202,-104.52,-102.129,-101.562,-102.041
0,0,0,0,0,0
77.1733,80.9774,81.304,78.5161,77.7302,117.946
198.435,131.424,347.735,196.39,205.017,198.435
102.827,99.0226,98.696,101.484,102.27,117.946
18.4349,48.5763,12.2648,163.61,334.983,18.4349
6
2.71314e-08,3.80132e-08,3.97562e-08,3.02306e-08,2.83725e-08,2.99258e-08
-86.2167,-104.146,-104.535,-102.156,-101.605,-102.068
0,0,0,0,0,0
77.2236,80.9185,81.3198,78.5522,77.7914,117.85
199.12,131.76,347.26,197.008,205.641,199.12
102.776,99.0815,98.6802,101.448,102.209,117.85
19.1197,48.2397,12.7396,162.992,334.359,19.1197
6
2.72397e-08,3.77683e-08,3.98302e-08,3.03278e-08,2.85151e-08,3.0024e-08
-86.2513,-104.09,-104.551,-102.184,-101.649,-102.097
0,0,0,0,0,0
77.2753,80.8591,81.336,78.5894,77.8533,117.751
199.799,132.101,346.787,197.622,206.259,199.799
102.725,99.1409,98.664,101.411,102.147,117.751
19.7989,47.8986,13.2127,162.378,333.741,19.7989
6
2.73516e-08,3.75248e-08,3.99068e-08,3.04284e-08,2.86609e-08,3.01256e-08
-86.2869,-104.034,-104.568,-102.213,-101.693,-102.126
0,0,0,0,0,0
77.3282,80.7992,81.3528,78.6277,77.916,117.649
200.472,132.447,346.316,198.232,206.87,200.472
102.672,99.2008,98.6472,101.372,102.084,117.649
20.4723,47.5529,13.684,161.768,333.13,20.4723
6
2.74672e-08,3.72827e-08,3.99861e-08,3.05323e-08,2.88097e-08,3.02305e-08
-86.3235,-103.977,-104.585,-102.242,-101.738,-102.156
0,0,0,0,0,0
77.3824,80.739,81.3701,78.6669,77.9794,117.545
201.14,132.797,345.847,198.838,207.474,201.14
102.618,99.261,98.6299,101.333,102.021,117.545
21.1398,47.2026,14.1534,161.162,332.526,21.1398
6
2.75862e-08,3.7042e-08,4.0068e-08,3.06395e-08,2.89617e-08,3.03388e-08
-86.3611,-103.921,-104.603,-102.273,-101.784,-102.187
0,0,0,0,0,0
77.4378,80.6783,81.3878,78.707,78.0434,117.439
201.801,133.152,345.379,199.44,208.072,201.801
102.562,99.3217,98.6122,101.293,101.957,117.439
21.8014,46.8476,14.6209,160.56,331.928,21.8014
6
2.77088e-08,3.68028e-08,4.01525e-08,3.07499e-08,2.91166e-08,3.04503e-08
-86.3996,-103.865,-104.621,-102.304,-101.83,-102.219
0,0,0,0,0,0
77.4942,80.6171,81.4061,78.7481,78.108,117.33
202.457,133.512,344.914,200.037,208.664,202.457
102.506,99.3829,98.5939,101.252,101.892,117.33
22.4569,46.4879,15.0864,159.963,331.336,22.4569
6
2.78348e-08,3.6565e-08,4.02396e-08,3.08635e-08,2.92746e-08,3.0565e-08
-86.439,-103.809,-104.64,-102.336,-101.877,-102.252
0,0,0,0,0,0
77.5518,80.5555,81.4248,78.7901,78.1731,117.219
203.106,133.877,344.45,200.63,209.249,203.106
102.448,99.4445,98.5752,101.21,101.827,117.219
23.1063,46.1233,15.5498,159.37,330.751,23.1063
6
2.79643e-08,3.63287e-08,4.03292e-08,3.09803e-08,2.94354e-08,3.06829e-08
-86.4793,-103.752,-104.66,-102.369,-101.925,-102.285
0,0,0,0,0,0
77.6103,80.4936,81.444,78.8329,78.2386,117.105
203.749,134.246,343.989,201.218,209.827,203.749
102.39,99.5064,98.556,101.167,101.761,117.105
23.7495,45.7538,16.0112,158.782,330.173,23.7495
6
2.80971e-08,3.6094e-08,4.04214e-08,3.11002e-08,2.95992e-08,3.0804e-08
-86.5204,-103.696,-104.679,-102.402,-101.973,-102.319
0,0,0,0,0,0
77.6698,80.4312,81.4637,78.8765,78.3046,116.99
204.386,134.621,343.53,201.801,210.399,204.386
102.33,99.5688,98.5363,101.124,101.695,116.99
24.3864,45.3794,16.4704,158.199,329.601,24.3864
5
2.82332e-08,4.05161e-08,3.12232e-08,2.97658e-08,3.09282e-08
-86.5624,-104.7,-102.437,-102.022,-102.354
0,0,0,0,0
77.7302,81.4838,78.9209,78.371,116.873
205.017,343.072,202.38,210.964,205.017
102.27,98.5162,101.079,101.629,116.873
25.0169,16.9275,157.62,329.036,25.0169
5
2.83725e-08,4.06134e-08,3.13493e-08,2.99351e-08,3.10554e-08
-86.6052,-104.721,-102.472,-102.071,-102.39
0,0,0,0,0
77.7914,81.5043,78.966,78.4377,116.754
205.641,342.618,202.954,211.522,205.641
102.209,98.4957,101.034,101.562,116.754
25.641,17.3824,157.046,328.478,25.641
5
2.85151e-08,4.07131e-08,3.14784e-08,3.01072e-08,3.11858e-08
-86.6487,-104.742,-102.507,-102.121,-102.426
0,0,0,0,0
77.8533,81.5253,79.0118,78.5047,116.633
206.259,342.165,203.523,212.074,206.259
102.147,98.4747,100.988,101.495,116.633
26.2587,17.835,156.477,327.926,26.2587
5
2.86609e-08,4.08153e-08,3.16105e-08,3.0282e-08,3.13191e-08
-86.693,-104.764,-102.544,-102.171,-102.463
0,0,0,0,0
77.916,81.5467,79.0583,78.5719,116.511
206.87,341.715,204.087,212.619,206.87
102.084,98.4533,100.942,101.428,116.511
26.8698,18.2854,155.913,327.381,26.8698
5
2.88097e-08,4.092e-08,3.17455e-08,3.04594e-08,3.14554e-08
-86.738,-104.786,-102.581,-102.222,-102.501
0,0,0,0,0
77.9794,81.5685,79.1054,78.6394,116.387
207.474,341.267,204.647,213.158,207.474
102.021,98.4315,100.895,101.361,116.387
27.4744,18.7334,155.353,326.842,27.4744
5
2.89617e-08,4.10271e-08,3.18835e-08,3.06395e-08,3.15946e-08
-86.7837,-104.809,-102.619,-102.273,-102.539
0,0,0,0,0
78.0434,81.5906,79.1531,78.707,116.262
208.072,340.821,205.201,213.69,208.072
101.957,98.4094,100.847,101.293,116.262
28.0725,19.179,154.799,326.31,28.0725
5
2.91166e-08,4.11366e-08,3.20243e-08,3.08221e-08,3.17367e-08
-86.83,-104.832,-102.657,-102.324,-102.578
0,0,0,0,0
78.108,81.6132,79.2014,78.7748,116.136
208.664,340.378,205.75,214.216,208.664
101.892,98.3868,100.799,101.225,116.136
28.664,19.6223,154.25,325.784,28.664
5
2.92746e-08,4.12486e-08,3.2168e-08,3.10072e-08,3.18817e-08
-86.877,-104.855,-102.696,-102.376,-102.618
0,0,0,0,0
78.1731,81.6361,79.2502,78.8427,116.008
209.249,339.937,206.295,214.735,209.249
101.827,98.3639,100.75,101.157,116.008
29.2488,20.0631,153.705,325.265,29.2488
5
2.94354e-08,4.13629e-08,3.23144e-08,3.11947e-08,3.20294e-08
-86.9246,-104.879,-102.735,-102.429,-102.658
0,0,0,0,0
78.2386,81.6594,79.2995,78.9106,115.879
209.827,339.499,206.834,215.248,209.827
101.761,98.3406,100.701,101.089,115.879
29.8271,20.5014,153.166,324.752,29.8271
5
2.95992e-08,4.14796e-08,3.24637e-08,3.13847e-08,3.218e-08
-86.9728,-104.904,-102.775,-102.482,-102.699
0,0,0,0,0
78.3046,81.683,79.3492,78.9786,115.749
210.399,339.063,207.368,215.754,210.399
101.695,98.317,100.651,101.021,115.749
30.3987,20.9373,152.632,324.246,30.3987
5
2.97658e-08,4.15986e-08,3.26156e-08,3.15771e-08,3.23333e-08
-87.0216,-104.929,-102.816,-102.535,-102.74
0,0,0,0,0
78.371,81.707,79.3994,79.0466,115.618
210.964,338.629,207.897,216.254,210.964
101.629,98.293,100.601,100.953,115.618
30.9638,21.3706,152.103,323.746,30.9638
5
2.99351e-08,4.172e-08,3.27702e-08,3.17718e-08,3.24893e-08
-87.0708,-104.954,-102.857,-102.588,-102.782
0,0,0,0,0
78.4377,81.7313,79.45,79.1145,115.486
211.522,338.199,208.421,216.747,211.522
101.562,98.2687,100.55,100.886,115.486
31.5222,21.8014,151.579,323.253,31.5222
5
3.01072e-08,4.18436e-08,3.29275e-08,3.19687e-08,3.26479e-08
-87.1206,-104.98,-102.898,-102.642,-102.824
0,0,0,0,0
78.5047,81.7559,79.501,79.1824,115.354
212.074,337.77,208.94,217.235,212.074
101.495,98.2441,100.499,100.818,115.354
32.074,22.2296,151.06,322.765,32.074
5
3.0282e-08,4.19696e-08,3.30874e-08,3.2168e-08,3.28092e-08
-87.1709,-105.006,-102.94,-102.696,-102.867
0,0,0,0,0
78.5719,81.7808,79.5523,79.2502,115.22
212.619,337.345,209.454,217.716,212.619
101.428,98.2192,100.448,100.75,115.22
32.6192,22.6552,150.546,322.284,32.6192
5
3.04594e-08,4.20978e-08,3.32499e-08,3.23694e-08,3.2973e-08
-87.2217,-105.032,-102.983,-102.75,-102.91
0,0,0,0,0
78.6394,81.806,79.6039,79.3179,115.086
213.158,336.922,209.962,218.191,213.158
101.361,98.194,100.396,100.682,115.086
33.1579,23.0782,150.038,321.809,33.1579
5
3.06395e-08,4.22282e-08,3.34149e-08,3.2573e-08,3.31394e-08
-87.2729,-105.059,-103.026,-102.804,-102.954
0,0,0,0,0
78.707,81.8315,79.6558,79.3854,114.952
213.69,336.501,210.466,218.66,213.69
101.293,98.1685,100.344,100.615,114.952
33.6901,23.4986,149.534,321.34,33.6901
5
3.08221e-08,4.23609e-08,3.35824e-08,3.27787e-08,3.33083e-08
-87.3245,-105.087,-103.069,-102.859,-102.998
0,0,0,0,0
78.7748,81.8572,79.708,79.4528,114.817
214.216,336.084,210.964,219.123,214.216
101.225,98.1428,100.292,100.547,114.817
34.2157,23.9162,149.036,320.877,34.2157
5
3.10072e-08,4.24958e-08,3.37524e-08,3.29865e-08,3.34796e-08
-87.3765,-105.114,-103.113,-102.914,-103.043
0,0,0,0,0
78.8427,81.8833,79.7604,79.52,114.681
214.735,335.669,211.457,219.579,214.735
101.157,98.1167,100.24,100.48,114.681
34.7349,24.3312,148.543,320.421,34.7349
5
3.11947e-08,4.26328e-08,3.39248e-08,3.31964e-08,3.36534e-08
-87.4288,-105.142,-103.158,-102.969,-103.088
0,0,0,0,0
78.9106,81.9095,79.813,79.587,114.545
215.248,335.256,211.945,220.03,215.248
101.089,98.0905,100.187,100.413,114.545
35.2476,24.7435,148.055,319.97,35.2476
5
3.13847e-08,4.2772e-08,3.40995e-08,3.34082e-08,3.38296e-08
-87.4816,-105.17,-103.202,-103.024,-103.133
0,0,0,0,0
78.9786,81.936,79.8657,79.6538,114.409
215.754,334.847,212.428,220.475,215.754
101.021,98.064,100.134,100.346,114.409
35.7539,25.1531,147.572,319.525,35.7539
5
3.15771e-08,4.29133e-08,3.42767e-08,3.36221e-08,3.40081e-08
-87.5347,-105.199,-103.247,-103.08,-103.179
0,0,0,0,0
79.0466,81.9628,79.9186,79.7203,114.273
216.254,334.44,212.905,220.914,216.254
100.953,98.0372,100.081,100.28,114.273
36.2538,25.56,147.095,319.086,36.2538
5
3.17718e-08,4.30568e-08,3.44561e-08,3.38378e-08,3.4189e-08
-87.588,-105.228,-103.293,-103.135,-103.225
0,0,0,0,0
79.1145,81.9897,79.9717,79.7865,114.136
216.747,334.036,213.378,221.348,216.747
100.886,98.0103,100.028,100.213,114.136
36.7475,25.9641,146.622,318.652,36.7475
5
3.19687e-08,4.32024e-08,3.46378e-08,3.40555e-08,3.43721e-08
-87.6417,-105.257,-103.338,-103.191,-103.271
0,0,0,0,0
79.1824,82.0169,80.0248,79.8525,113.999
217.235,333.635,213.845,221.775,217.235
100.818,97.9831,99.9752,100.148,113.999
37.2348,26.3654,146.155,318.225,37.2348
5
3.2168e-08,4.335e-08,3.48218e-08,3.4275e-08,3.45575e-08
-87.6957,-105.287,-103.384,-103.247,-103.318
0,0,0,0,0
79.2502,82.0442,80.0781,79.9182,113.863
217.716,333.236,214.308,222.198,217.716
100.75,97.9558,99.9219,100.082,113.863
37.716,26.764,145.692,317.802,37.716
5
3.23694e-08,4.34997e-08,3.50079e-08,3.44964e-08,3.4745e-08
-87.7499,-105.317,-103.431,-103.303,-103.365
0,0,0,0,0
79.3179,82.0718,80.1314,79.9835,113.726
218.191,332.84,214.765,222.614,218.191
100.682,97.9282,99.8686,100.016,113.726
38.1909,27.1598,145.235,317.386,38.1909
5
3.2573e-08,4.36514e-08,3.51963e-08,3.47195e-08,3.49348e-08
-87.8044,-105.347,-103.477,-103.359,-103.412
0,0,0,0,0
79.3854,82.0995,80.1847,80.0486,113.589
218.66,332.447,215.218,223.025,218.66
100.615,97.9005,99.8153,99.9514,113.589
38.6598,27.5528,144.782,316.975,38.6598
5
3.27787e-08,4.38051e-08,3.53868e-08,3.49444e-08,3.51267e-08
-87.8591,-105.378,-103.524,-103.415,-103.46
0,0,0,0,0
79.4528,82.1274,80.2381,80.1132,113.452
219.123,332.057,215.665,223.431,219.123
100.547,97.8726,99.7619,99.8868,113.452
39.1226,27.943,144.335,316.569,39.1226
5
3.29865e-08,4.39608e-08,3.55793e-08,3.5171e-08,3.53207e-08
-87.914,-105.409,-103.571,-103.471,-103.508
0,0,0,0,0
79.52,82.1555,80.2914,80.1776,113.316
219.579,331.67,216.107,223.831,219.579
100.48,97.8445,99.7086,99.8224,113.316
39.5794,28.3305,143.893,316.169,39.5794
5
3.31964e-08,4.41185e-08,3.5774e-08,3.53993e-08,3.55168e-08
-87.969,-105.44,-103.619,-103.527,-103.556
0,0,0,0,0
79.587,82.1837,80.3447,80.2416,113.18
220.03,331.285,216.545,224.226,220.03
100.413,97.8163,99.6553,99.7584,113.18
40.0303,28.7151,143.455,315.774,40.0303
5
3.34082e-08,4.42782e-08,3.59707e-08,3.56293e-08,3.57149e-08
-88.0243,-105.471,-103.666,-103.583,-103.604
0,0,0,0,0
79.6538,82.2121,80.398,80.3051,113.044
220.475,330.903,216.978,224.615,220.475
100.346,97.7879,99.602,99.6949,113.044
40.4752,29.0969,143.022,315.385,40.4752
5
3.36221e-08,4.44397e-08,3.61694e-08,3.58608e-08,3.5915e-08
-88.0797,-105.503,-103.714,-103.64,-103.653
0,0,0,0,0
79.7203,82.2406,80.4513,80.3683,112.908
220.914,330.524,217.405,225,220.914
100.28,97.7594,99.5487,99.6317,112.908
40.9144,29.4759,142.595,315,40.9144
5
3.38378e-08,4.46032e-08,3.637e-08,3.6094e-08,3.6117e-08
-88.1353,-105.535,-103.762,-103.696,-103.701
0,0,0,0,0
79.7865,82.2692,80.5044,80.4312,112.773
221.348,330.148,217.828,225.379,221.348
100.213,97.7308,99.4956,99.5688,112.773
41.3478,29.8521,142.172,314.621,41.3478
5
3.40555e-08,4.47685e-08,3.65726e-08,3.63287e-08,3.6321e-08
-88.191,-105.567,-103.81,-103.752,-103.75
0,0,0,0,0
79.8525,82.2979,80.5575,80.4936,112.638
221.775,329.775,218.246,225.754,221.775
100.148,97.7021,99.4425,99.5064,112.638
41.7755,30.2254,141.754,314.246,41.7755
5
3.4275e-08,4.49358e-08,3.67771e-08,3.6565e-08,3.6527e-08
-88.2468,-105.599,-103.859,-103.809,-103.799
0,0,0,0,0
79.9182,82.3267,80.6105,80.5555,112.503
222.198,329.404,218.66,226.123,222.198
100.082,97.6733,99.3895,99.4445,112.503
42.1975,30.596,141.34,313.877,42.1975
5
3.44964e-08,4.51048e-08,3.69835e-08,3.68028e-08,3.67347e-08
-88.3027,-105.632,-103.907,-103.865,-103.849
0,0,0,0,0
79.9835,82.3557,80.6634,80.6171,112.369
222.614,329.036,219.068,226.488,222.614
100.016,97.6443,99.3366,99.3829,112.369
42.6141,30.9638,140.932,313.512,42.6141
5
3.47195e-08,4.52757e-08,3.71917e-08,3.7042e-08,3.69443e-08
-88.3587,-105.665,-103.956,-103.921,-103.898
0,0,0,0,0
80.0486,82.3847,80.7161,80.6783,112.235
223.025,328.671,219.472,226.848,223.025
99.9514,97.6153,99.2839,99.3217,112.235
43.0251,31.3287,140.528,313.152,43.0251
5
3.49444e-08,4.54484e-08,3.74017e-08,3.72827e-08,3.71558e-08
-88.4148,-105.698,-104.005,-103.977,-103.948
0,0,0,0,0
80.1132,82.4138,80.7687,80.739,112.102
223.431,328.309,219.872,227.203,223.431
99.8868,97.5862,99.2313,99.261,112.102
43.4306,31.6908,140.128,312.797,43.4306
4
3.5171e-08,4.56229e-08,3.75248e-08,3.7369e-08
-88.4709,-105.731,-104.034,-103.997
0,0,0,0
80.1776,82.443,80.7992,111.969
223.831,327.95,227.553,223.831
99.8224,97.557,99.2008,111.969
43.8309,32.0501,312.447,43.8309
4
3.53993e-08,4.57991e-08,3.77683e-08,3.75839e-08
-88.5271,-105.764,-104.09,-104.047
0,0,0,0
80.2416,82.4722,80.8591,111.837
224.226,327.593,227.899,224.226
99.7584,97.5278,99.1409,111.837
44.2258,32.4067,312.101,44.2258
4
3.56293e-08,4.5977e-08,3.80132e-08,3.78006e-08
-88.5834,-105.798,-104.146,-104.097
0,0,0,0
80.3051,82.5015,80.9185,111.705
224.615,327.24,228.24,224.615
99.6949,97.4985,99.0815,111.705
44.6155,32.7604,311.76,44.6155
2
4.61567e-08,3.82593e-08
-105.832,-104.202
0,0
82.5309,80.9774
326.889,228.576
97.4691,99.0226
33.1113,311.424
2
4.63381e-08,3.85069e-08
-105.866,-104.258
0,0
82.5603,81.0359
326.54,228.909
97.4397,98.9641
33.4595,311.091
2
4.65212e-08,3.87556e-08
-105.9,-104.314
0,0
82.5897,81.0939
326.195,229.236
97.4103,98.9061
33.8049,310.764
2
4.67059e-08,3.90057e-08
-105.935,-104.37
0,0
82.6192,81.1514
325.852,229.56
97.3808,98.8486
34.1475,310.44
1
4.68923e-08
-105.969
0
82.6487
325.513
97.3513
34.4874
1
4.70803e-08
-106.004
0
82.6782
325.176
97.3218
34.8245
1
4.72699e-08
-106.039
0
82.7077
324.841
97.2923
35.1589
1
4.74611e-08
-106.074
0
82.7373
324.509
97.2627
35.4905
1
4.76538e-08
-106.109
0
82.7668
324.181
97.2332
35.8195
1
4.78481e-08
-106.145
0
82.7963
323.854
97.2037
36.1457
1
4.8044e-08
-106.18
0
82.8258
323.531
97.1742
36.4692
1
4.82413e-08
-106.216
0
82.8553
323.21
97.1447
36.7901
1
4.84401e-08
-106.251
0
82.8848
322.892
97.1152
37.1083
1
4.86404e-08
-106.287
0
82.9143
322.576
97.0857
37.4238
1
4.88421e-08
-106.323
0
82.9437
322.263
97.0563
37.7368
1
4.90453e-08
-106.359
0
82.9731
321.953
97.0269
38.047
1
4.92499e-08
-106.395
0
83.0024
321.645
96.9976
38.3547
1
4.94559e-08
-106.432
0
83.0317
321.34
96.9683
38.6598
1
4.96633e-08
-106.468
0
83.0609
321.038
96.9391
38.9623
1
4.98721e-08
-106.504
0
83.0901
320.738
96.9099
39.2623
1
5.00822e-08
-106.541
0
83.1193
320.44
96.8807
39.5597
1
5.02936e-08
-106.577
0
83.1483
320.145
96.8517
39.8545
1
5.05063e-08
-106.614
0
83.1773
319.853
96.8227
40.1469
1
5.07204e-08
-106.651
0
83.2062
319.563
96.7938
40.4368
1
5.09357e-08
-106.688
0
83.2351
319.276
96.7649
40.7242
1
5.11523e-08
-106.725
0
83.2639
318.991
96.7361
41.0091
1
5.13701e-08
-106.761
0
83.2926
318.708
96.7074
41.2916
1
5.15892e-08
-106.798
0
83.3212
318.428
96.6788
41.5716
1
5.18095e-08
-106.835
0
83.3497
318.151
96.6503
41.8493
1
5.2031e-08
-106.872
0
83.3782
317.875
96.6218
42.1245
1
5.22537e-08
-106.91
0
83.4065
317.603
96.5935
42.3974
1
5.24775e-08
-106.947
0
83.4347
317.332
96.5653
42.668
1
5.27025e-08
-106.984
0
83.4629
317.064
96.5371
42.9362
1
5.29287e-08
-107.021
0
83.491
316.798
96.509
43.2021
1
5.3156e-08
-107.058
0
83.5189
316.534
96.4811
43.4657
1
5.33844e-08
-107.096
0
83.5467
316.273
96.4533
43.727
1
5.36138e-08
-107.133
0
83.5745
316.014
96.4255
43.986
1
5.38444e-08
-107.17
0
83.6021
315.757
96.3979
44.2428
1
5.40761e-08
-107.207
0
83.6296
315.503
96.3704
44.4974
1
5.43088e-08
-107.245
0
83.6571
315.25
96.3429
44.7498
0
0
0
0
0
0
0
0
0
0
0
0
0
0
0
0
0
0
0
0
0
0
0
0
0
0
0
0
0
0
